0 0 0
-1 2 0
-4 6 0
-1 7 0
4 2 0
3 3 0
0 5 0
-1 7 0
-3 9 0
-5 5 1
-1 1 1
0 5 1
-5 6 1
-5 1 2
-8 3 2
-6 0 2
-9 3 2
-13 4 2
-9 2 3
-5 4 3
-6 1 3
-8 4 3
-10 1 3
-6 4 3
0 1 3
0 1 3
-1 8 3
-4 7 3
0 7 3
0 4 3
-2 7 3
1 5 3
0 8 3
0 5 3
0 8 3
1 5 3
0 8 3
-1 5 3
1 7 3
-1 6 3
1 8 3
-2 8 3
1 7 3
-2 8 3
0 6 2
-1 8 2
1 7 2
-2 7 2
-1 10 2
-2 6 2
-1 10 2
-2 7 1
0 8 1
-2 7 1
-1 11 1
-1 7 1
-4 5 1
-1 8 1
-3 4 1
-1 7 1
-4 7 1
-1 7 0
-2 10 0
-1 6 0
-3 9 0
0 5 0
-2 6 0
0 7 0
-2 6 0
0 8 0
-2 6 0
0 8 0
-3 6 0
0 5 0
-3 6 0
0 9 0
-3 6 0
0 6 0
-3 6 0
0 8 0
-2 6 0
0 8 0
-3 6 0
0 7 0
-3 6 0
0 9 0
-1 7 0
-4 6 0
0 7 0
-3 5 0
0 7 0
-4 6 0
0 6 0
-4 6 0
-1 7 0
-4 6 0
-1 7 0
-3 4 0
-1 8 0
-3 5 0
0 8 0
-1 6 0
-5 6 0
-1 6 0
-4 8 0
-1 5 0
-3 6 0
0 6 0
-3 7 0
0 6 0
-3 7 0
0 7 0
-3 5 0
-1 8 0
-3 5 0
-1 8 0
-2 5 0
-1 8 0
-2 6 0
-1 9 0
-3 6 0
0 8 0
-3 6 0
0 8 0
-2 6 0
-1 9 0
-3 4 0
-2 6 0
-2 9 0
-2 6 0
-2 9 0
-1 6 0
-3 9 0
-1 6 0
-3 9 0
-1 6 0
-4 8 0
-1 6 0
-4 8 0
-1 6 0
-4 8 0
0 7 0
0 4 0
-2 7 0
1 8 0
-2 8 0
1 9 0
-2 7 0
0 8 0
-4 6 0
-9 5 0
-14 5 0
-14 3 0
-11 4 0
-14 9 0
-9 9 0
-4 7 0
-5 8 1
0 6 1
-4 8 1
-2 6 1
-1 3 1
-5 4 1
-7 7 1
-3 5 2
-2 10 2
-3 8 2
0 4 2
-3 6 2
-3 9 2
-2 10 2
-5 6 2
-7 0 2
-10 -2 2
-12 1 2
-8 4 2
-3 11 2
1 7 3
-2 10 3
0 9 3
0 10 3
0 7 4
2 9 4
3 10 4
-2 10 4
1 8 5
-3 6 5
-9 8 5
-4 8 6
1 8 6
-3 7 6
-2 11 6
-2 8 7
-5 8 7
-1 5 7
-3 3 7
0 0 7
-3 0 7
0 -2 7
-4 0 6
-2 3 6
-5 2 6
-3 7 6
0 7 6
2 4 6
2 8 6
-4 8 6
-8 11 6
-1 2 5
-1 5 5
0 3 5
-3 4 5
-3 8 5
-6 6 5
-5 9 4
-3 8 4
-1 11 4
-3 15 4
-2 11 4
-1 13 4
-9 14 4
-22 13 4
-37 9 4
-67 4 4
-86 -13 4
-67 -172 4
-46 -176 6
-34 -177 8
-34 -174 12
-38 -172 16
-48 -170 21
-63 -164 27
-79 -141 33
-74 -21 39
-48 -8 44
-28 -7 49
-6 -5 52
6 0 55
9 3 57
10 6 59
7 8 60
7 12 60
6 8 60
0 8 60
-1 4 59
-28 1 58
-60 0 57
-85 -161 56
-48 -178 55
-41 -178 56
-40 -176 57
-48 -173 59
-59 -169 62
-79 -142 66
-61 -14 69
-23 -8 72
-4 -4 74
3 0 75
10 0 76
14 3 76
7 1 75
-2 0 74
-17 -2 72
-50 -6 71
-80 -23 69
-72 178 67
-55 177 65
-52 177 65
-62 -176 66
-63 -178 67
-67 171 70
-78 168 72
-77 5 75
-46 -1 77
-14 -4 79
5 -3 79
10 0 79
15 5 79
15 4 78
9 0 76
2 -4 74
-18 -6 72
-47 -14 70
-79 -35 67
-69 -174 65
-43 179 64
-36 179 63
-34 178 64
-41 179 65
-49 -174 67
-72 -171 70
-74 -7 73
-48 -4 75
-24 -5 77
-1 -4 78
22 -6 78
18 -2 78
21 -5 77
16 -4 75
11 -2 73
1 8 71
1 20 69
-5 35 66
-19 49 64
-39 66 61
-58 93 58
-68 148 55
-59 -159 53
-31 -132 51
-18 -124 50
-2 -119 49
8 -114 49
15 -112 50
17 -112 51
19 -114 51
16 -120 52
14 -128 52
6 -131 52
-6 -134 52
-33 -133 51
-63 -97 51
-55 -23 50
-33 -9 50
-20 0 51
-3 5 53
17 5 56
26 8 59
31 7 62
32 4 66
33 6 71
33 7 75
23 3 80
0 -2 85
-35 -1 90
-65 3 95
-82 88 100
-73 146 105
-66 147 108
-64 155 110
-74 157 112
-85 149 113
-80 3 113
-60 -4 113
-43 -2 114
-26 -3 115
-13 -4 116
4 -6 118
23 -4 120
22 -2 121
21 -4 123
19 -4 125
14 -4 127
4 -2 129
-27 0 131
-61 13 133
-79 117 135
-65 145 136
-61 144 136
-60 156 136
-64 162 135
-76 154 134
-82 27 132
-66 2 130
-44 0 129
-23 -5 128
0 -7 128
9 -8 128
18 -5 128
24 -4 128
22 -4 129
9 -7 130
-7 -7 131
-51 -4 132
-86 56 134
-66 159 135
-58 170 135
-57 174 134
-68 177 133
-86 -72 130
-60 -14 128
-28 -10 126
0 -7 125
25 -3 124
36 1 123
36 6 123
38 2 123
36 -1 123
22 0 123
-30 -7 124
-67 0 125
-73 89 126
-66 108 127
-59 127 127
-53 133 126
-42 139 125
-28 144 123
-13 156 120
-11 163 117
0 176 114
8 -167 110
12 -149 106
13 -129 102
10 -106 98
3 -88 93
-7 -59 89
-10 -37 85
-6 -22 80
-13 -8 76
-8 6 71
-2 23 67
4 43 63
5 47 59
6 50 55
6 48 52
3 43 48
3 41 45
-10 32 43
-31 29 40
-53 29 38
-67 28 37
-82 58 35
-87 8 34
-82 -159 33
-71 -159 33
-65 -151 34
-60 -155 36
-68 -145 39
-80 -126 42
-81 -39 45
-58 -8 49
-27 -5 51
-12 -4 54
1 -2 55
15 -5 56
21 -5 57
17 -6 57
22 -3 57
16 -1 56
12 1 55
15 1 54
10 1 53
-6 0 52
-39 0 50
-69 2 48
-86 104 46
-66 163 45
-62 166 45
-65 171 46
-72 167 47
-81 171 50
-79 -13 52
-61 -9 55
-35 -8 57
-6 -7 58
18 -10 58
26 -6 59
26 -2 59
22 -2 58
16 0 58
1 0 57
-21 0 55
-63 2 54
-83 74 53
-66 151 51
-59 155 51
-60 164 52
-67 163 53
-76 170 55
-84 157 57
-72 0 60
-41 -3 62
-16 -5 64
6 -5 65
22 -5 65
19 -1 65
12 0 65
-5 0 64
-43 0 63
-85 17 62
-69 165 60
-57 169 60
-56 179 60
-57 -177 61
-63 -172 63
-75 -156 65
-81 -65 68
-58 -20 70
-29 -14 73
-7 -8 74
9 -4 75
38 4 75
39 5 75
39 8 75
30 8 74
9 3 73
-30 -2 71
-63 3 70
-72 41 68
-71 75 66
-68 71 64
-64 99 63
-53 122 63
-35 136 63
-15 151 63
-5 158 65
7 177 66
16 -169 69
30 -152 71
35 -128 74
31 -110 78
26 -84 81
19 -67 84
6 -47 88
0 -28 92
-8 -12 96
-12 5 100
-9 22 104
0 33 108
11 41 111
9 42 114
-2 47 117
-18 43 120
-46 47 122
-74 82 124
-69 168 125
-51 -170 126
-42 -164 125
-32 -155 124
-36 -154 121
-55 -144 119
-66 -39 115
-40 -10 112
-9 1 110
10 8 108
20 6 107
23 8 107
27 5 107
22 1 107
21 0 108
-2 0 109
-30 0 111
-61 6 113
-80 111 115
-55 162 117
-45 163 117
-45 165 117
-49 164 116
-56 161 114
-75 146 112
-73 18 110
-29 0 108
6 -2 107
23 0 107
20 4 107
22 0 107
19 3 108
21 0 110
19 -3 112
21 1 114
22 3 116
11 2 118
-6 0 121
-39 0 123
-70 7 126
-77 135 129
-51 159 130
-41 159 131
-39 156 131
-45 155 130
-52 153 129
-63 146 127
-77 58 124
-63 18 122
-28 2 120
-4 2 120
15 2 119
17 1 119
23 1 119
26 1 120
20 2 121
19 1 123
-3 2 124
-25 4 126
-59 8 128
-82 71 130
-51 164 131
-32 163 132
-31 163 132
-36 161 131
-49 166 129
-65 171 127
-86 113 124
-74 6 121
-48 0 119
-18 -2 117
7 -5 116
26 -9 116
24 -6 116
21 -4 116
13 -3 117
5 -1 118
-24 -1 119
-56 2 121
-85 101 122
-64 154 123
-44 160 123
-44 164 123
-44 170 122
-54 165 120
-69 168 118
-83 167 115
-67 1 113
-45 1 110
-14 4 109
9 10 108
26 19 107
36 24 107
43 29 108
41 34 109
25 41 110
-9 52 112
-37 89 113
-54 143 115
-45 -162 117
-27 -128 118
-2 -116 119
12 -113 119
20 -106 119
16 -95 118
-2 -79 118
-27 -54 117
-42 -1 116
-30 29 114
-8 48 112
4 54 109
20 48 106
25 39 102
31 37 98
33 23 94
31 14 89
29 10 85
24 8 80
21 8 76
23 7 71
16 4 67
20 1 62
7 0 58
11 -1 54
4 -1 49
-1 -1 45
-16 -5 42
-74 6 38
-71 146 35
-36 162 32
-24 160 31
-31 169 31
-36 167 32
-41 164 34
-55 164 36
-77 141 39
-68 10 42
-35 -1 45
-5 -9 47
10 -11 49
17 -12 50
14 -8 51
17 -5 51
13 -3 51
4 0 51
-11 1 50
-44 7 50
-76 114 49
-49 146 49
-19 153 49
-26 156 50
-29 157 52
-37 163 54
-57 165 56
-79 141 59
-72 11 61
-47 0 64
-20 -3 65
3 -5 66
23 -9 67
22 -7 67
11 -4 66
-4 -1 65
-42 5 64
-75 40 63
-58 144 62
-41 153 61
-46 159 61
-53 157 61
-68 150 62
-81 75 63
-60 8 64
-33 0 65
-10 -1 65
1 -3 65
16 -4 64
18 -5 63
18 -5 62
13 -4 61
-1 -3 59
-27 -3 58
-66 -4 56
-75 168 55
-46 166 54
-34 164 54
-41 162 55
-54 162 56
-80 61 58
-52 12 60
-7 6 61
21 10 62
22 21 62
25 35 62
21 51 61
6 68 61
-17 80 60
-37 97 59
-55 132 58
-55 -177 57
-36 -146 56
-18 -130 55
-3 -116 55
1 -103 54
-2 -86 54
-10 -73 54
-18 -54 54
-27 -37 54
-37 -13 54
-33 0 55
-21 12 56
0 17 57
19 17 59
27 14 62
32 6 65
28 1 68
26 -1 72
27 -2 76
28 -4 80
24 -3 85
25 -4 90
21 -3 95
23 -1 99
27 0 104
25 5 109
22 6 114
24 7 118
20 11 122
17 14 126
6 13 130
-28 14 134
-70 40 138
-61 141 141
-42 149 143
-46 155 144
-50 160 144
-62 158 143
-82 132 142
-65 9 141
-30 0 139
-5 0 138
9 0 137
19 1 136
26 6 136
25 8 135
21 8 135
20 8 135
6 8 135
-35 5 135
-65 4 135
-83 101 135
-65 160 135
-59 168 134
-64 162 133
-72 173 131
-80 -172 128
-84 -15 126
-61 -4 123
-40 -3 121
-20 -1 119
-1 -1 118
12 0 117
14 4 117
18 7 117
9 8 117
-10 9 118
-48 12 118
-75 46 119
-56 153 120
-38 156 120
-35 154 120
-42 157 119
-58 150 118
-78 108 116
-64 15 115
-38 4 114
-16 0 113
0 -3 113
6 0 113
3 1 113
1 5 114
-15 9 115
-41 17 116
-64 49 117
-68 88 119
-69 118 120
-70 140 121
-74 132 122
-78 124 122
-77 53 122
-72 31 123
-56 20 123
-37 15 124
-24 9 125
-12 4 126
-4 1 127
-1 3 129
-4 2 130
-8 1 131
-9 0 133
-9 -3 134
-10 -1 135
-15 6 136
-19 5 138
-14 3 139
-10 -1 140
-8 1 141
-8 6 142
-5 3 143
-9 2 143
-7 4 144
-5 7 144
-5 4 145
-7 1 145
-5 4 145
-8 5 145
-4 3 146
-1 0 146
-3 3 146
-5 0 146
-2 2 146
-6 2 146
-3 1 146
-6 3 146
-3 1 146
-1 0 146
-3 2 146
-4 6 146
-4 4 146
-8 6 146
-5 7 146
-5 3 146
