0 0 0
0 3 0
-1 7 1
0 4 2
-2 7 4
0 5 6
0 2 8
0 6 10
0 3 12
4 5 15
0 4 17
2 7 20
1 4 22
-1 4 24
1 3 27
3 6 29
1 3 31
4 3 33
1 4 35
3 1 37
1 4 39
4 6 40
1 3 42
4 4 43
1 4 45
3 1 46
1 4 47
-2 3 48
0 4 49
3 3 49
0 5 50
3 2 51
0 5 51
3 2 52
0 4 52
3 3 52
0 4 53
3 3 53
0 4 53
1 7 53
1 3 53
-1 4 53
1 4 53
-1 5 53
1 3 53
0 6 53
1 3 53
4 6 53
2 5 53
1 2 53
3 4 53
0 4 53
3 3 52
0 3 52
3 4 52
0 4 52
3 2 52
0 4 52
2 1 52
0 4 52
3 5 51
1 3 51
1 6 51
1 3 51
0 6 51
0 3 51
0 6 51
1 2 51
0 4 51
1 7 51
3 2 51
0 0 51
6 -3 51
3 -6 51
5 -6 51
5 -9 50
5 -7 50
4 -2 50
6 1 50
3 7 50
3 1 50
6 -4 50
3 -1 50
0 11 51
-7 23 51
-10 37 51
-14 46 51
-11 47 51
-7 52 51
-7 55 51
-5 56 51
-5 56 51
-4 56 51
-5 55 51
-4 55 51
-9 56 50
-12 57 50
-8 58 50
-6 56 50
-6 53 49
-5 57 49
-6 59 49
-8 61 48
-8 59 48
-7 56 48
-8 45 47
-1 25 47
3 12 47
2 5 46
0 1 46
1 -4 46
1 -5 46
2 -12 46
0 -12 46
0 -9 47
3 -9 47
-1 3 47
-4 6 47
-7 14 48
-3 22 48
-4 26 48
-5 35 49
-8 47 49
-8 51 49
-6 58 49
-7 59 49
-8 63 49
-7 61 49
-11 61 50
-10 62 50
-6 61 50
-7 58 50
-5 51 50
-2 34 50
2 17 50
6 8 50
3 -1 50
1 -4 50
1 -5 50
2 -9 50
0 -13 50
-3 -6 50
-4 0 50
-8 6 50
-8 16 50
-7 22 49
-7 33 49
-11 44 49
-10 56 49
-10 58 49
-5 59 49
-5 57 49
-8 59 48
-6 60 48
-7 55 47
-5 55 47
-3 50 47
2 40 46
4 28 46
4 17 46
8 9 46
7 4 45
3 0 45
4 0 45
3 0 45
6 -1 45
3 -5 45
5 -2 45
-3 1 45
-4 2 45
-7 8 46
-9 15 46
-8 19 46
-8 28 47
-11 33 47
-14 38 48
-9 44 48
-6 44 49
-7 49 49
-3 47 49
-4 51 49
-4 54 50
-5 56 50
-6 57 50
-2 56 50
-4 50 50
0 44 50
1 27 50
1 5 51
-1 -1 51
-5 -8 51
-3 -14 51
-1 -11 51
-6 -5 51
-3 -5 52
-8 3 52
-13 9 52
-12 14 52
-16 23 53
-16 33 53
-17 36 53
-14 43 53
-10 47 53
-14 48 52
-12 51 52
-9 53 52
-9 53 52
-6 51 51
-1 42 51
1 32 50
9 18 50
14 5 50
10 0 49
9 -3 49
6 -9 49
9 -11 49
3 -10 49
-2 1 49
-11 10 49
-11 21 49
-11 28 50
-13 30 50
-11 35 50
-14 44 50
-13 49 50
-11 55 50
-10 58 50
-7 61 50
-4 57 50
-5 58 50
0 57 50
1 57 49
2 48 49
4 24 49
7 9 49
7 -1 49
4 -3 49
3 -10 49
-1 -6 49
-9 -1 49
-13 6 50
-15 13 50
-15 20 50
-13 26 51
-15 39 51
-12 46 51
-9 45 51
-6 50 51
-9 53 51
-5 54 51
-3 56 51
-5 54 51
-3 52 50
-3 46 50
-3 30 50
1 13 49
2 4 49
3 -9 49
5 -16 49
1 -11 49
-5 2 49
-12 9 49
-9 15 49
-8 21 49
-13 29 49
-19 40 49
-21 44 49
-17 50 49
-14 58 49
-11 60 49
-8 60 49
-8 61 48
-7 58 48
-4 49 48
0 31 47
4 17 47
9 3 46
6 -4 46
6 -11 46
1 -13 46
2 -12 46
-1 -3 46
-9 6 46
-15 12 46
-18 19 46
-16 31 47
-19 44 47
-19 48 47
-16 54 46
-14 51 46
-8 52 46
-9 53 45
-6 54 45
-7 55 44
-6 53 44
-3 34 43
0 15 43
4 6 42
3 0 42
-2 -4 42
-1 -6 42
-4 -1 42
-13 13 42
-20 28 42
-16 35 42
-14 42 43
-16 48 43
-16 51 43
-15 49 43
-14 46 43
-12 48 43
-14 47 42
-17 46 42
-17 49 42
-16 53 42
-15 51 41
-15 52 40
-16 54 39
-16 56 38
-17 59 37
-16 61 36
-15 61 35
-13 61 35
-12 60 35
-12 59 35
-9 57 36
-8 54 37
-6 52 39
-3 54 42
0 57 45
5 61 49
6 60 53
4 50 59
9 35 66
10 16 73
13 5 81
16 0 89
13 -5 98
9 -9 106
4 -13 115
3 -13 124
1 -9 132
-1 -4 141
0 -4 149
2 -5 156
-1 2 164
0 14 171
-6 29 177
-11 45 183
-9 52 189
-6 58 194
-10 67 198
-10 69 202
-11 75 206
-9 74 209
-4 74 212
-4 73 214
-1 66 216
-2 48 217
0 27 219
2 8 220
2 0 221
1 -9 221
0 -11 222
-1 -13 223
0 -12 223
0 -10 223
-7 1 224
-6 8 224
-12 20 224
-15 27 224
-16 34 224
-15 39 223
-13 43 223
-9 48 223
-6 46 222
-9 48 222
-7 52 221
-4 50 221
-6 53 220
-2 50 220
-5 52 219
-6 52 218
-6 53 218
-6 50 217
-10 41 217
-7 20 216
-2 2 216
1 -7 215
3 -20 215
4 -20 215
-2 -10 215
-9 -1 215
-13 4 215
-15 10 215
-12 15 215
-15 21 215
-12 32 215
-16 38 215
-13 47 215
-11 53 215
-11 58 214
-9 61 214
-11 63 213
-11 64 213
-9 61 212
-5 48 212
2 23 211
8 3 211
7 -4 210
1 -6 210
0 -12 210
-6 -8 210
-6 -7 211
-13 5 211
-14 16 211
-14 26 212
-18 36 212
-17 42 212
-16 52 213
-13 55 213
-16 58 213
-12 64 212
-11 69 212
-8 70 212
-7 69 212
-6 62 211
-3 38 211
3 13 210
8 -2 210
6 -9 210
-1 -16 210
-1 -17 210
-3 -15 209
-10 -2 209
-15 9 209
-18 22 210
-23 39 209
-22 47 209
-19 57 209
-16 58 209
-11 62 208
-10 68 208
-5 68 207
0 69 206
-1 72 206
0 72 205
-2 68 204
-3 54 204
6 31 203
17 10 203
17 -11 202
14 -16 202
9 -24 202
-2 -13 203
-11 0 203
-12 9 203
-14 20 204
-15 31 204
-17 41 204
-15 49 204
-14 60 205
-11 65 205
-8 68 205
-5 68 204
-3 66 204
-2 59 204
0 40 204
5 18 203
10 0 203
13 -13 203
10 -18 203
8 -20 203
2 -24 203
1 -19 203
-6 -8 203
-9 4 203
-17 20 203
-20 30 204
-21 39 204
-17 50 204
-15 54 204
-10 58 204
-12 64 204
-9 71 203
-7 76 203
-7 78 202
-7 74 202
-8 76 201
-8 74 200
-8 65 200
-6 46 199
1 23 198
7 4 198
7 -7 198
3 -12 198
0 -17 198
-2 -18 198
-2 -12 198
-6 -6 198
-8 0 199
-11 8 199
-11 18 200
-12 35 200
-12 47 200
-10 57 200
-8 65 200
-7 69 200
-7 66 199
-6 65 199
-3 54 199
8 21 198
10 5 198
14 -4 197
10 -10 197
7 -9 197
-3 -4 197
-3 -2 197
-4 2 197
-10 7 197
-9 14 197
-15 25 197
-15 36 198
-12 48 197
-13 59 197
-9 65 197
-5 67 196
-6 69 196
-8 67 195
-7 65 194
-4 60 194
-4 59 193
-4 52 192
0 29 191
4 2 191
11 -15 190
9 -24 190
5 -23 190
1 -20 190
-2 -8 190
-4 -4 191
-6 2 191
-7 11 191
-8 19 192
-6 29 192
-8 38 192
-5 48 192
0 52 192
1 56 192
4 60 191
3 63 191
7 66 190
7 66 190
11 72 189
8 71 189
6 70 188
3 70 188
2 72 188
1 73 188
3 72 188
6 71 188
6 70 187
7 69 185
7 67 183
8 64 180
6 60 176
4 55 171
5 43 166
5 29 160
9 10 153
12 0 146
12 -9 138
8 -35 130
8 -36 122
7 -40 113
3 -41 105
-2 -33 97
-14 -20 90
-16 -9 82
-18 5 75
-22 21 69
-26 39 62
-21 49 56
-18 55 50
-15 57 45
-12 57 40
-14 60 35
-12 63 30
-10 62 26
-8 55 22
-3 35 18
0 16 15
8 6 12
7 -1 10
4 -7 8
1 -10 6
3 -16 4
0 -16 3
-1 -15 2
-3 -3 1
-4 10 0
-7 19 0
-4 25 0
-7 33 -1
-8 41 -1
-9 48 -1
-12 55 -1
-10 63 -1
-9 63 -1
-9 62 -1
-5 63 -1
-5 62 -1
-1 55 -1
1 46 0
1 29 0
5 13 0
12 0 0
12 -9 0
10 -13 0
4 -20 1
5 -27 1
2 -29 1
0 -21 1
-6 -9 1
-13 2 2
-10 10 2
-9 16 2
-9 25 2
-13 37 2
-11 41 2
-14 48 2
-11 52 2
-11 60 2
-9 62 3
-6 60 3
-4 46 3
1 21 3
3 8 3
11 1 4
9 -3 4
9 -6 4
3 -11 4
6 -14 4
0 -8 4
1 -6 3
-4 5 3
-7 12 3
-10 21 3
-10 26 3
-7 31 3
-2 37 4
-6 43 4
-3 49 4
1 49 4
1 49 4
4 47 5
8 34 5
7 15 5
5 0 5
6 -7 5
5 -11 6
3 -14 6
3 -16 6
-1 -21 6
1 -21 6
0 -11 5
-3 2 5
0 12 5
-4 25 5
-2 30 5
2 33 5
-1 37 5
0 40 5
1 45 4
2 51 4
4 53 4
8 50 4
7 46 4
12 26 4
14 7 4
12 -5 5
8 -13 5
6 -15 5
2 -16 5
3 -16 6
1 -23 6
1 -19 6
5 -17 7
3 -8 7
0 -1 8
-7 10 8
-6 18 9
-8 30 9
-4 38 10
-4 45 10
-3 49 11
-4 57 11
-1 60 12
-2 59 12
0 60 13
-4 59 14
-4 59 14
-5 53 15
-6 33 15
-3 14 16
4 -1 16
10 -9 17
6 -22 17
2 -25 17
3 -23 18
0 -22 18
-5 -9 18
-5 -1 18
-12 8 18
-11 15 18
-13 25 18
-6 37 18
-5 46 18
-2 52 18
-4 57 18
-2 59 18
-2 58 19
-4 54 19
-5 48 19
-6 38 20
-4 20 20
3 8 20
7 -9 21
4 -17 21
1 -26 21
1 -33 21
-2 -25 21
-9 -16 22
-10 0 22
-10 5 22
-8 15 22
-12 27 23
-8 38 23
-5 48 24
-6 57 25
-4 65 26
-3 68 26
-3 66 27
-1 59 28
1 31 29
10 8 29
14 -9 30
10 -16 31
3 -20 31
0 -23 31
1 -24 31
-8 -18 31
-8 -8 31
-14 0 31
-14 7 31
-16 15 32
-13 27 32
-10 41 32
-8 51 32
-3 56 32
-1 64 32
0 70 33
-3 75 33
-6 73 33
-2 62 34
3 40 34
14 10 35
18 -1 35
10 -11 35
2 -8 35
1 -8 35
-4 -3 35
-8 2 35
-12 14 35
-16 22 35
-15 28 35
-15 36 35
-10 47 35
-8 51 35
-7 59 36
-3 63 36
-4 63 37
0 61 38
1 63 39
1 63 40
2 67 41
1 63 43
3 60 44
2 61 46
0 60 48
3 57 50
5 52 52
7 50 55
3 52 57
3 52 60
4 55 63
4 56 67
3 52 70
6 31 75
9 10 80
11 -6 85
14 -13 90
12 -15 95
14 -20 99
10 -25 103
10 -25 107
12 -25 110
9 -24 113
8 -21 115
5 -11 118
-1 4 120
-9 21 122
-8 30 123
-7 40 126
-11 54 129
-10 59 132
-11 65 136
-12 67 141
-12 75 145
-11 77 150
-10 71 154
-12 57 159
-6 37 163
-3 20 167
-2 14 172
-4 10 176
-2 9 180
-5 11 184
-3 11 188
-4 15 192
-5 19 196
-1 28 199
-4 44 202
-4 59 204
-5 62 207
-4 61 209
-5 59 211
-5 56 212
-5 49 214
-5 46 215
-7 44 216
-8 34 217
-3 29 217
0 21 218
3 9 218
1 0 219
2 -4 219
-1 -13 219
0 -13 219
-2 -9 219
-2 -3 219
-10 12 219
-17 29 219
-13 32 219
-17 45 218
-18 52 218
-17 57 217
-11 61 217
-7 60 216
-3 61 215
-1 60 214
0 55 213
0 41 213
-1 19 212
1 4 211
0 -3 210
-3 -8 209
-4 -8 209
-1 -8 209
-5 3 208
-7 8 208
-14 24 208
-19 36 208
-24 45 208
-21 49 208
-19 47 208
-12 43 208
-6 40 207
4 24 207
11 8 207
11 0 206
7 -5 206
2 -9 206
-1 -10 206
-2 -8 206
-4 -4 205
-10 13 205
-18 26 205
-16 35 205
-14 39 205
-8 43 204
-9 50 204
-12 57 203
-13 60 202
-9 60 201
-8 60 200
-7 60 198
-10 53 196
-11 35 194
-8 16 191
-3 8 188
0 0 185
-2 -12 181
1 -18 178
1 -20 174
2 -12 170
3 -4 167
-1 2 163
-5 12 159
-4 17 155
-8 30 152
-9 40 148
-14 50 145
-13 58 142
-10 58 138
-4 57 135
0 49 132
1 26 130
1 7 127
0 -5 124
-2 -10 122
0 -8 120
-1 -10 118
2 -14 116
0 -14 115
0 -10 113
-2 1 112
-6 13 110
-6 20 109
-8 28 108
-6 37 107
-5 46 106
-5 53 105
-6 59 104
-6 65 103
-3 65 102
-2 59 101
-3 38 100
-4 15 99
-4 2 99
-3 0 98
0 -2 97
0 -13 97
0 -16 97
-1 -15 96
0 -10 96
0 0 96
-8 11 96
-13 25 97
-11 35 97
-7 40 97
-5 46 97
-2 55 97
-1 55 97
0 54 96
0 49 96
1 34 96
1 17 96
5 2 95
0 -10 95
-1 -13 95
2 -16 94
1 -16 94
3 -17 94
5 -16 93
0 -4 93
-2 7 93
-8 19 92
-12 30 92
-12 39 92
-10 46 91
-9 49 91
-7 54 90
-3 51 90
2 36 89
5 10 89
4 2 88
6 -4 88
5 -8 87
2 -9 87
2 -7 87
5 -5 87
-1 -1 87
-4 1 87
-12 11 87
-13 14 87
-18 23 87
-22 29 87
-22 35 87
-22 43 87
-19 49 87
-20 49 87
-17 50 86
-16 49 86
-10 56 85
-6 61 85
0 59 84
1 59 83
2 56 82
0 55 80
0 47 78
2 43 76
-2 26 73
-5 6 71
-3 -9 67
-1 -19 64
-1 -27 60
-1 -30 57
0 -32 53
-3 -33 50
-3 -33 46
-2 -29 43
-4 -22 40
-2 -8 37
-8 9 34
-11 22 31
-7 37 29
-5 48 27
-9 58 25
-8 61 23
-6 60 22
-4 52 20
-2 40 19
-3 25 19
-2 9 18
0 2 17
3 -4 17
3 -8 17
2 -11 16
1 -13 16
0 -14 16
1 -11 16
3 -3 16
0 -9 16
-8 6 17
-11 15 17
-6 27 17
-6 39 17
-8 55 18
-8 62 18
-6 66 19
-3 61 20
0 45 21
1 24 22
2 7 23
7 0 24
10 -7 25
6 -11 26
3 -15 26
-1 -18 27
-4 -4 27
-14 2 28
-19 17 28
-19 31 28
-18 42 29
-13 48 29
-11 51 30
-7 55 30
-4 57 31
-1 52 32
4 39 32
7 18 33
8 3 34
7 -7 34
3 -12 35
1 -13 35
1 -10 35
2 -3 36
-4 5 36
-6 12 36
-14 23 36
-15 31 36
-15 40 36
-14 47 36
-12 50 37
-9 53 37
-5 57 37
-3 56 38
-2 51 39
1 33 39
5 19 40
5 9 40
5 6 41
2 5 41
4 5 41
0 0 41
-4 3 41
-4 4 41
-4 6 40
-4 17 40
-3 24 40
-3 29 40
0 33 39
-1 40 39
3 43 39
8 43 39
5 43 39
5 40 39
3 41 38
2 37 38
6 37 38
6 41 38
2 37 37
4 35 37
3 38 37
2 35 36
0 37 35
2 39 35
0 35 34
-2 35 33
-2 31 31
-3 34 30
0 34 28
0 29 27
0 31 25
-3 27 24
-6 27 23
-4 28 22
-6 29 21
-9 28 20
-5 27 20
-7 28 20
-9 29 20
-8 24 20
-5 25 21
-5 21 21
-3 24 22
-1 26 24
0 30 25
-2 27 26
