0 0 0
-2 3 0
0 1 0
0 4 0
1 0 0
-2 1 0
0 3 0
-2 3 0
0 2 0
-1 4 0
0 1 0
0 5 0
0 1 0
2 1 0
0 3 0
0 0 0
0 3 0
-3 3 0
-1 2 0
2 2 0
0 0 0
1 2 0
0 0 0
2 2 0
-1 1 0
2 3 0
0 1 0
2 2 0
0 1 0
2 1 0
0 2 0
1 4 0
0 1 0
0 4 0
0 1 0
0 4 0
0 1 0
-1 3 0
1 0 0
0 2 0
0 5 0
0 2 0
-2 0 0
0 1 0
0 4 0
0 1 0
-1 3 0
1 1 0
-1 3 0
1 1 0
-1 0 0
1 1 0
-1 4 0
1 1 0
-1 3 0
1 1 0
-1 3 0
1 1 0
-1 4 0
0 2 0
0 6 0
0 2 0
1 0 0
0 2 0
1 0 0
0 2 0
-2 1 0
0 1 0
1 4 0
0 1 0
3 3 0
0 1 0
0 4 0
1 1 0
2 4 0
4 1 0
2 4 0
6 4 0
0 5 0
-6 10 0
-6 7 0
3 0 0
6 1 0
-1 9 0
5 4 0
7 2 0
-2 6 0
-3 3 1
7 1 1
5 3 1
-5 10 1
5 5 1
7 3 1
-5 13 2
-3 7 2
8 1 2
1 6 2
-11 10 2
4 0 3
0 5 3
-5 13 3
4 6 3
4 7 3
-3 13 3
8 4 3
8 5 4
-8 13 4
2 3 4
8 -2 4
-5 7 4
-6 6 5
10 -2 5
4 2 5
-5 13 6
1 7 6
2 6 7
-8 13 7
-5 8 8
-1 6 8
-10 11 9
-1 2 9
0 -1 10
-10 6 10
-14 4 11
-4 1 11
-7 8 12
-9 12 12
0 5 13
-1 8 13
-9 12 14
0 2 14
-8 8 14
-26 13 15
-14 6 15
0 1 16
-9 9 16
-12 10 17
-2 4 17
-4 7 18
-11 14 18
-4 10 18
4 6 19
0 12 19
-18 14 20
-3 7 20
-10 9 20
-26 18 21
-21 14 21
-4 8 21
-1 9 21
-15 18 21
-11 13 21
6 7 20
8 8 20
-18 20 20
-20 13 20
-1 3 20
-2 6 20
-15 11 21
-2 3 21
-1 5 21
-9 15 21
-16 21 22
1 13 22
-1 16 23
-17 26 23
-14 16 23
0 5 24
-6 8 24
-21 13 24
-13 7 24
-3 5 24
-9 16 24
-11 21 24
0 16 24
5 16 24
-9 20 24
-12 17 24
0 6 24
-9 11 24
-10 13 24
-3 6 24
3 1 24
-2 9 24
-8 12 25
2 5 25
8 4 26
-2 12 26
-15 13 27
0 4 27
4 0 28
-14 11 28
-25 11 29
-10 3 29
-6 8 29
-17 19 30
-21 20 30
-8 11 30
-2 12 30
-27 24 30
-30 26 30
-21 17 30
-6 10 30
-14 11 30
-34 20 30
-18 9 30
-14 6 30
-24 14 30
-30 15 30
-23 10 30
-15 5 30
-10 0 30
-26 12 29
-21 8 28
-19 5 27
-15 7 25
-9 5 23
-5 1 20
-8 0 17
-24 8 13
-26 9 8
-15 2 3
-3 -2 -1
-12 8 -6
-22 17 -12
-16 11 -19
-1 4 -25
-3 10 -32
-14 20 -38
-10 13 -45
3 6 -51
3 6 -57
-4 13 -63
-8 11 -69
1 6 -75
4 2 -80
-8 7 -85
-6 5 -89
4 2 -94
0 6 -98
-14 20 -102
-10 17 -106
-2 11 -110
-9 19 -114
-9 22 -117
2 18 -120
5 16 -123
-9 23 -126
-9 19 -128
-8 14 -130
-15 16 -132
-7 12 -134
-1 5 -136
-13 14 -137
-18 16 -138
-5 9 -139
-12 16 -140
-22 27 -141
-12 18 -141
-19 23 -142
-30 30 -142
-23 22 -142
-14 14 -143
-22 23 -143
-30 26 -144
-19 19 -144
-6 16 -145
-12 25 -145
-15 26 -146
-5 18 -146
0 20 -147
-7 24 -147
-10 21 -148
-10 18 -148
-7 22 -149
-3 14 -149
0 6 -149
-9 17 -149
-9 17 -150
-1 12 -150
4 9 -150
-6 18 -150
-7 13 -150
3 8 -149
-6 15 -149
-5 8 -149
7 1 -148
3 5 -148
-15 16 -148
-12 10 -147
1 8 -147
-5 16 -147
-10 21 -146
-3 14 -146
8 12 -146
-4 17 -146
-20 20 -146
-2 8 -145
-7 12 -145
-21 22 -145
-9 11 -145
0 6 -144
-9 15 -144
-9 15 -144
0 9 -143
1 10 -143
-13 17 -142
0 6 -142
2 4 -142
-8 13 -141
-5 7 -141
5 1 -141
-6 7 -140
-13 12 -140
2 6 -140
1 8 -140
-13 17 -140
-4 10 -140
1 11 -140
-12 21 -140
-22 20 -140
-11 12 -140
-10 17 -140
-21 24 -140
-14 16 -140
0 8 -140
-6 14 -140
-21 24 -140
-26 25 -140
-10 12 -140
-4 13 -140
-15 11 -140
-3 4 -140
9 -4 -140
-2 5 -140
-17 9 -140
-7 3 -140
0 4 -140
-3 10 -140
-16 21 -140
20 0 -140
27 -2 -140
22 3 -140
23 -4 -140
30 -9 -140
19 -2 -140
8 1 -140
8 0 -140
16 -2 -140
18 -4 -139
-1 5 -139
2 1 -138
12 -2 -138
1 5 -138
-6 13 -137
9 4 -137
7 10 -136
-5 13 -136
-2 9 -136
3 7 -135
-1 8 -135
-1 8 -135
2 9 -135
7 8 -134
9 4 -134
10 0 -133
10 -1 -133
9 -1 -132
7 0 -131
5 1 -129
4 0 -127
3 -1 -125
2 0 -122
0 0 -119
-2 2 -115
2 2 -111
2 5 -107
6 3 -102
11 -1 -97
19 -7 -92
14 0 -86
7 5 -81
3 5 -74
6 0 -68
12 -3 -62
10 -2 -55
2 -1 -48
-12 6 -41
-5 2 -35
10 -3 -28
5 2 -21
-6 7 -15
-2 3 -9
4 2 -3
3 6 2
-15 19 7
-18 16 12
-2 5 16
-13 16 21
-15 13 25
-2 7 28
4 9 31
-7 16 34
-5 13 36
6 8 38
9 8 40
-3 15 42
1 6 43
8 6 44
-4 13 45
-6 7 46
6 0 47
5 -1 48
-9 6 48
-8 1 49
1 0 49
-2 9 49
-6 14 49
3 9 49
11 5 48
4 13 48
-18 22 48
-16 18 48
-12 14 47
-21 20 47
-19 18 47
-8 10 46
-8 5 46
-19 15 46
-15 11 46
-4 6 46
-13 14 46
-16 18 46
0 8 46
0 10 47
-15 16 47
-13 12 47
-1 7 48
-7 10 48
-21 16 48
-14 12 48
5 7 48
3 9 48
-8 15 48
5 10 48
8 11 49
-8 16 49
-2 6 49
12 0 49
5 7 49
-5 10 50
-2 5 50
3 5 51
1 8 51
-1 10 52
3 4 52
7 5 53
-9 15 53
-8 10 54
0 1 54
-7 9 55
-12 5 55
-10 1 55
-7 3 56
-12 11 56
-10 12 56
1 5 56
3 5 56
-12 17 56
-7 9 56
-1 4 56
-9 9 56
-17 14 56
-8 7 56
-2 0 57
-12 9 57
-12 9 57
-2 2 57
6 0 58
0 5 58
-9 11 58
2 1 59
4 3 59
-6 5 60
-12 6 60
0 0 61
-4 4 61
-15 11 61
-7 9 62
2 7 62
6 6 62
-1 13 62
-6 17 62
6 5 63
-3 11 63
-13 11 63
-5 6 63
3 4 64
0 7 64
-16 10 64
-16 10 65
-4 4 65
0 6 66
-1 7 66
-2 9 67
0 1 67
11 1 68
7 1 68
-9 3 69
-20 7 69
-20 4 69
-10 5 70
-7 7 70
-4 5 69
-5 0 69
-1 0 69
3 1 68
0 2 68
-2 0 67
-6 4 67
-8 6 66
-10 5 65
-2 -1 65
0 -3 64
-7 2 63
-25 10 62
-23 9 60
-14 1 58
-13 4 56
-16 7 54
-13 3 51
-5 0 48
3 -1 44
-1 4 40
-11 12 36
-9 13 32
0 11 27
8 11 23
6 13 19
-11 19 14
-13 17 10
-5 9 6
8 -1 2
9 -3 0
-8 6 -4
-11 6 -7
1 0 -9
3 1 -12
-8 10 -14
-7 9 -16
3 8 -17
6 9 -19
-3 13 -20
-4 9 -21
6 2 -21
-3 5 -22
-12 6 -22
-2 2 -23
-5 5 -23
-17 15 -23
-12 13 -24
1 7 -24
-3 12 -24
-14 18 -24
-3 10 -24
6 2 -24
-6 7 -25
-27 10 -25
-10 3 -25
-10 5 -25
-19 14 -25
-14 9 -25
-4 5 -25
-8 11 -24
-23 20 -24
-19 15 -24
-2 9 -24
-5 13 -24
-21 13 -23
-13 7 -23
0 1 -23
-4 7 -22
-39 23 -22
-39 23 -22
-27 17 -22
-19 15 -22
-18 19 -22
-14 13 -22
0 7 -22
7 10 -22
-7 12 -22
-8 8 -22
1 4 -21
1 5 -21
-16 12 -20
-21 12 -20
-10 7 -19
-5 8 -19
-1 9 -18
-8 12 -17
-24 15 -17
-27 19 -16
-8 7 -16
7 0 -15
-8 4 -15
-27 11 -14
-22 8 -14
-10 4 -13
-6 7 -13
-17 15 -13
-20 18 -13
-4 9 -13
3 11 -13
-6 15 -12
-13 13 -12
-10 10 -12
1 5 -12
15 1 -12
5 4 -12
-12 10 -12
-16 14 -12
-2 7 -12
7 3 -12
-4 11 -11
-11 9 -11
5 0 -11
0 6 -11
-8 8 -11
-5 4 -10
-4 0 -10
-13 6 -10
-22 14 -10
-14 10 -10
5 0 -10
1 5 -10
-12 13 -10
-6 8 -10
1 0 -10
-5 2 -10
-15 8 -10
-10 6 -10
1 0 -10
-9 9 -10
-16 9 -10
-5 4 -10
-5 6 -10
-10 11 -9
-17 13 -9
-5 8 -9
2 2 -8
-4 4 -8
-11 1 -7
-9 0 -7
-11 1 -7
-14 3 -8
-15 1 -8
-13 0 -9
-12 -2 -10
-9 0 -11
-8 2 -13
-6 0 -15
-3 0 -17
3 4 -20
3 4 -23
0 7 -26
2 10 -30
-3 16 -34
0 13 -38
9 7 -42
13 8 -46
5 7 -51
-10 8 -55
-8 9 -60
5 3 -64
3 6 -68
-9 16 -71
-3 7 -74
8 6 -77
9 2 -80
0 1 -83
-2 1 -85
1 0 -87
-5 5 -88
-16 13 -90
-13 11 -91
-1 6 -92
-2 11 -93
-12 17 -93
-5 12 -94
2 5 -95
1 6 -95
-16 11 -96
-13 8 -96
1 1 -96
-2 6 -96
-13 8 -96
-5 4 -96
0 6 -96
-6 11 -96
-13 18 -96
-3 10 -95
-2 11 -95
-14 17 -95
-13 11 -94
-6 6 -94
-5 4 -94
-23 14 -94
-23 13 -93
-9 7 -93
-7 12 -93
-12 17 -94
-9 15 -94
5 6 -94
2 7 -94
-14 10 -94
-13 8 -94
-3 3 -94
0 6 -94
-13 11 -94
-12 10 -94
-2 6 -94
-4 9 -94
-13 14 -93
-11 11 -93
0 5 -93
4 4 -92
0 6 -92
-10 6 -92
-1 2 -91
0 2 -91
-10 7 -90
-9 4 -90
2 2 -90
10 5 -89
5 9 -89
0 8 -89
16 0 -89
12 2 -88
-3 5 -88
-3 2 -87
6 -2 -87
7 0 -86
-9 6 -85
-10 5 -85
3 1 -84
14 3 -84
12 4 -83
0 8 -82
14 0 -82
18 -3 -81
4 1 -80
-9 3 -79
-4 0 -79
-4 0 -78
-7 3 -77
-4 2 -76
7 0 -76
9 2 -75
1 6 -75
0 7 -74
13 -1 -74
6 1 -73
-11 9 -73
-6 6 -72
-6 3 -72
-14 8 -71
-15 9 -71
-2 2 -70
2 2 -70
-6 8 -70
-5 7 -69
1 5 -69
-4 8 -68
-16 9 -68
-10 3 -68
1 -3 -68
-11 4 -68
-18 2 -68
-10 1 -68
-3 1 -68
-3 3 -68
-3 5 -68
3 5 -68
7 4 -68
7 3 -68
-1 4 -68
-11 5 -68
-17 7 -67
-5 1 -67
-2 0 -67
-7 1 -66
-10 0 -66
-12 -1 -66
-7 -2 -65
-9 2 -65
-7 1 -66
-10 -1 -66
-4 -6 -67
-5 -5 -68
-11 0 -70
-5 -4 -72
-1 -2 -75
-7 3 -78
-10 3 -81
-5 3 -85
2 2 -89
10 3 -94
15 5 -98
19 7 -103
5 14 -107
-9 17 -111
4 10 -116
10 7 -120
1 5 -124
-10 7 -127
-4 5 -131
3 0 -134
0 3 -137
-9 7 -139
-9 7 -141
3 2 -143
9 2 -145
-3 11 -146
-21 15 -147
-9 8 -148
4 0 -149
-11 6 -149
-17 10 -150
-8 3 -150
-5 1 -150
-11 11 -151
-14 13 -151
-4 7 -151
8 1 -151
14 1 -151
12 3 -151
5 2 -151
-9 3 -151
-15 8 -151
-5 5 -151
2 3 -151
-7 8 -151
-13 7 -150
-3 3 -150
0 2 -149
-12 10 -149
-12 8 -149
2 0 -148
3 1 -148
-9 2 -147
-6 0 -147
5 -9 -146
0 -4 -146
-16 3 -146
-7 1 -145
4 0 -145
1 6 -145
-10 15 -145
-1 11 -145
8 8 -144
5 4 -144
-15 9 -144
-15 7 -144
0 2 -144
3 -5 -144
-12 0 -144
-11 0 -144
2 -7 -143
3 -7 -143
-10 2 -143
-6 2 -143
5 0 -143
1 6 -142
-13 10 -142
-3 1 -142
4 -4 -141
-4 0 -141
-18 4 -141
-5 -2 -140
0 0 -140
-9 7 -140
-13 8 -140
-2 3 -140
5 3 -140
-4 12 -140
-14 11 -140
0 0 -140
5 0 -140
-2 7 -139
-10 3 -139
3 -2 -139
10 -2 -139
1 4 -138
-20 12 -138
-13 5 -137
3 3 -136
8 7 -136
-7 12 -135
-14 9 -134
1 0 -133
9 -2 -133
-3 1 -132
-22 8 -132
-29 12 -131
-16 7 -131
-14 9 -131
-26 20 -131
-26 20 -131
-21 16 -131
-22 13 -132
-31 16 -132
-28 15 -132
-21 12 -133
-14 9 -133
-15 7 -133
-19 8 -133
-15 5 -133
-7 3 -133
-5 6 -133
-8 9 -133
-8 1 -133
-5 0 -132
-3 -1 -132
-3 -2 -132
-6 0 -132
-9 3 -131
-5 4 -131
0 3 -131
2 4 -131
3 7 -131
0 9 -131
-4 10 -131
-3 7 -131
0 11 -131
-2 14 -131
-4 11 -131
0 10 -131
0 5 -131
2 8 -130
0 11 -130
-2 10 -130
-6 11 -130
-4 7 -129
-2 11 -129
-5 12 -129
-5 8 -129
-2 8 -128
-2 11 -128
-3 8 -128
-1 11 -128
-2 13 -127
-3 16 -127
-1 13 -127
1 13 -127
-1 11 -126
1 9 -126
0 12 -126
3 11 -126
0 11 -125
1 8 -125
0 5 -125
0 8 -125
0 11 -125
-2 9 -125
0 9 -125
-2 9 -125
0 10 -125
0 6 -125
0 8 -125
0 11 -125
0 8 -125
-1 11 -125
0 8 -125
-1 10 -125
1 8 -125
-1 9 -125
1 8 -125
-1 8 -125
0 11 -124
0 7 -124
2 8 -124
0 8 -124
2 9 -124
-1 10 -124
0 7 -124
-1 10 -124
1 8 -124
0 4 -124
0 7 -124
-1 9 -124
2 8 -123
-1 8 -123
1 8 -123
-1 8 -123
1 7 -123
0 9 -123
0 6 -123
0 9 -122
1 7 -122
0 9 -122
1 6 -122
1 9 -122
0 6 -122
1 9 -121
-1 7 -121
0 10 -121
3 7 -121
0 4 -121
-1 9 -121
-1 6 -120
0 2 -120
-2 5 -120
1 7 -120
0 3 -120
3 5 -120
1 1 -120
2 4 -120
0 4 -120
1 6 -120
0 2 -120
1 6 -120
-1 3 -120
1 6 -120
0 2 -120
0 6 -120
3 4 -120
0 4 -120
3 4 -120
-1 6 -120
0 4 -120
0 8 -120
-1 4 -120
2 5 -120
-1 5 -119
2 7 -119
0 9 -119
1 6 -119
