0 0 0
1 -3 0
0 -7 0
0 -3 0
0 -7 0
-2 -5 0
0 -6 0
2 -3 0
0 -5 0
1 -6 0
-1 -5 0
0 -3 0
3 -3 0
0 -6 0
3 -5 0
1 -2 0
1 -4 0
0 -1 0
2 -3 0
1 0 0
0 -4 0
-2 -4 0
0 -4 0
-2 -3 0
0 -5 0
0 -1 0
0 -5 0
2 -3 0
0 -5 0
1 -2 0
0 -5 0
1 -2 0
-1 -4 0
1 -4 0
-1 -4 0
2 -6 0
0 -7 0
0 -3 0
-1 -6 0
0 -4 0
-1 -7 0
1 -5 0
-2 -5 0
0 -4 0
-2 -4 0
0 -3 0
0 -7 0
1 -5 0
-1 -5 0
1 -6 0
-1 -5 0
-3 -2 0
0 -4 0
-1 -8 0
-1 -4 0
0 -7 0
-1 -5 0
0 -1 0
0 -5 0
1 -7 0
0 -5 0
1 -7 0
0 -5 0
0 -8 0
-1 -6 0
1 -7 0
-3 -5 0
0 -5 0
-3 -7 0
-2 -4 0
-1 -7 0
0 -4 0
-1 -7 0
-3 -4 0
0 -7 0
-2 -4 0
0 -6 0
-3 -6 0
0 -6 0
-3 -7 0
0 -6 0
-3 -4 0
0 -6 0
-2 -8 0
0 -6 0
-3 -4 0
0 -7 0
-2 -6 0
0 -8 0
-2 -6 0
0 -7 0
-2 -5 0
0 -7 0
-2 -6 0
0 -7 0
-2 -6 0
1 -6 0
-2 -6 0
1 -6 0
-2 -6 0
1 -6 0
-2 -6 0
1 -7 0
-2 -6 0
1 -6 0
-2 -6 0
1 -6 0
-2 -6 0
0 -5 0
-3 -6 0
-2 -3 0
-7 -2 0
-8 -2 0
-7 2 0
-2 2 0
-2 4 0
6 -2 0
1 -9 0
-6 -16 0
-7 -5 0
-11 3 0
-11 12 0
-7 13 0
-6 13 0
-4 3 0
0 -9 0
-4 -15 0
-6 -1 0
-12 10 0
-24 27 0
-25 33 0
-17 27 0
-3 8 0
4 -7 0
-2 -4 0
-15 9 0
-30 29 0
-33 47 0
-29 46 0
-20 32 0
-11 14 0
0 -6 0
-7 -12 0
-13 -3 0
-18 6 0
-19 18 0
-19 28 0
-14 28 0
-12 18 0
-11 0 0
-7 -17 0
-7 -13 0
-9 -2 0
-10 6 0
-9 13 0
-5 21 0
-2 22 0
-6 11 0
-5 -5 0
-9 -14 0
-11 -3 0
-20 12 0
-30 28 0
-29 36 0
-23 27 0
-13 4 0
-1 -16 0
-4 -20 0
-14 -4 0
-23 8 0
-33 19 0
-29 17 0
-20 2 0
-9 -15 0
-8 -16 0
-13 -4 0
-19 10 0
-22 17 0
-20 24 0
-14 19 0
-8 5 0
-7 -12 0
-11 -21 0
-12 -9 -1
-17 2 -1
-16 9 -1
-12 11 -1
-12 10 -1
-8 -1 -1
-10 -7 -1
-11 -8 -1
-8 -6 0
-5 -4 0
0 -5 0
5 -4 0
4 -3 0
3 -2 0
0 0 0
0 -3 1
6 -4 2
2 -4 3
-2 -7 4
-1 -4 5
1 -4 7
6 -10 9
5 -10 10
2 -9 13
-3 -7 15
-4 -5 17
3 -3 20
13 1 23
16 4 25
18 5 28
12 4 32
4 4 35
6 2 38
5 -4 42
4 -10 45
4 -9 49
10 -12 53
6 -18 57
0 -16 61
-3 -15 65
-3 -11 69
4 1 73
8 9 77
8 5 82
6 -9 86
0 -22 90
-7 -23 94
-10 -21 98
-6 -6 102
4 5 106
14 -3 110
18 -19 114
9 -25 117
-3 -20 121
-13 -15 124
-9 -11 127
10 -13 130
23 -19 133
18 -15 136
2 -15 138
-10 -16 141
-17 -17 143
-14 -16 145
6 -21 148
23 -32 149
18 -24 151
4 -22 153
-6 -23 154
-13 -21 156
-9 -17 157
5 -22 159
18 -25 160
19 -22 161
7 -23 162
-5 -26 162
-13 -27 163
-10 -23 164
4 -23 165
21 -28 165
28 -27 166
17 -27 166
2 -28 167
-10 -30 167
-18 -27 167
-13 -21 167
6 -22 168
23 -32 168
23 -30 168
10 -30 168
0 -32 168
-8 -30 168
-8 -23 168
5 -21 167
21 -26 167
28 -33 167
16 -29 166
4 -28 166
-6 -27 166
-12 -25 165
-3 -23 165
13 -29 164
22 -33 164
17 -29 163
7 -29 163
0 -30 162
0 -26 162
6 -20 162
9 -16 161
12 -11 161
14 -8 160
10 -8 160
11 -11 159
10 -8 159
15 -9 158
18 -10 158
21 -9 157
20 -8 157
17 -6 156
12 -1 156
12 -3 156
19 -7 156
20 -7 155
19 -9 155
25 -10 155
23 -12 155
19 -11 155
12 -5 155
12 -5 156
15 -5 156
15 -9 156
14 -4 156
12 -6 157
12 -1 157
9 -2 158
4 2 158
2 0 159
7 -2 160
10 1 161
13 1 162
16 -1 163
13 -3 164
15 -3 165
19 -3 167
16 -2 168
17 -6 170
16 -4 172
8 -5 175
6 -6 177
11 -1 180
11 0 183
11 -3 186
4 -8 189
3 -16 192
0 -16 196
1 -8 200
-5 8 203
-9 6 207
0 -3 211
5 -11 215
-8 -16 220
-20 -18 224
-14 -16 228
-5 -10 232
1 -3 237
6 0 241
5 -5 245
-3 -16 250
-17 -23 254
-13 -16 258
-12 -6 262
-12 3 266
-10 7 270
-4 3 273
0 -9 277
0 -23 280
-7 -27 283
-13 -16 286
-18 -3 289
-21 6 292
-15 7 295
-9 -1 297
-7 -14 300
-7 -26 302
-11 -21 304
-15 -8 306
-19 8 308
-16 17 310
-6 10 311
-2 -1 313
-6 -15 314
-11 -15 315
-16 -3 316
-17 9 317
-14 18 318
-6 11 318
0 -6 319
-4 -16 319
-9 -13 320
-12 -5 320
-15 5 320
-13 11 321
-9 15 321
-8 14 321
-8 4 321
-11 -9 321
-6 -17 320
-5 -16 320
-9 -9 320
-6 -6 320
-2 -4 320
6 -7 320
14 -18 319
10 -26 319
-2 -18 319
-18 1 319
-25 17 318
-20 22 318
-14 16 318
-9 4 318
-11 -4 317
-14 -10 317
-14 -9 316
-10 -6 316
-12 -4 316
-8 -2 316
-5 0 315
-1 0 315
3 -9 314
4 -21 314
1 -32 314
-1 -28 313
-6 -16 313
-15 -1 313
-15 6 313
-13 11 312
-15 7 312
-17 2 312
-18 1 312
-13 -2 311
-9 -5 311
-11 -4 311
-10 -6 311
-12 -3 310
-15 -1 310
-11 -3 310
-8 -4 310
-3 -5 309
-2 -10 309
-2 -10 309
-2 -9 309
-4 -8 309
-4 -12 309
-7 -11 309
-4 -11 309
-1 -12 310
-5 -13 310
-10 -16 311
-11 -21 311
-10 -18 312
-15 -14 313
-7 -11 314
2 -12 315
-2 -8 316
-1 -8 318
0 -8 319
-2 -8 321
0 -11 323
8 -13 325
9 -12 328
0 -12 330
-1 -12 333
-2 -9 336
-3 -13 339
-3 -15 343
-4 -17 346
3 -16 350
9 -11 354
2 -5 358
2 -2 363
-6 0 367
-5 -2 371
11 -18 376
21 -21 380
21 -7 385
10 -1 389
3 -3 393
4 -9 398
4 -10 402
2 -9 406
7 -4 410
11 2 414
7 8 418
0 5 422
2 -8 425
12 -28 429
17 -34 432
14 -14 436
7 -2 439
2 4 442
4 -3 444
4 -5 447
-1 -7 450
-5 -12 452
-7 -14 454
0 -9 457
9 -3 459
11 1 461
5 2 463
3 -4 464
5 -8 466
1 -9 467
2 -9 469
1 -5 470
-3 -8 471
-5 -7 472
-13 -6 473
-14 -10 474
-5 -21 475
7 -24 475
11 -15 476
10 -2 476
3 -1 476
0 -7 477
0 -9 477
-2 -14 477
0 -20 477
4 -14 477
3 -6 477
-4 0 477
-5 -1 477
-11 -2 477
-2 -13 477
16 -29 476
14 -18 476
2 -9 476
-4 -10 476
-1 -16 475
2 -19 475
4 -18 475
7 -14 474
16 -8 474
14 -8 474
6 -11 473
-6 -11 473
-11 -15 473
-1 -28 473
8 -33 472
10 -21 472
5 -14 472
5 -17 472
8 -19 471
4 -16 471
0 -21 471
3 -22 471
8 -18 470
6 -16 470
6 -16 470
8 -15 470
9 -13 470
13 -13 469
11 -13 469
15 -18 469
11 -17 469
5 -15 469
1 -18 469
2 -24 470
2 -23 470
4 -20 471
5 -19 471
6 -21 472
11 -23 473
16 -28 475
19 -31 476
17 -25 477
10 -21 479
8 -24 481
10 -27 482
9 -21 485
11 -18 487
8 -19 489
7 -21 491
4 -17 494
12 -20 496
16 -15 499
20 -15 502
15 -17 505
14 -13 507
18 -15 510
12 -15 513
14 -16 516
12 -15 519
15 -14 522
10 -10 526
5 -12 529
5 -10 533
7 -11 536
8 -17 540
7 -19 544
3 -16 547
1 -7 551
-4 -2 555
-3 -4 559
3 -6 563
10 -10 567
8 -15 571
4 -22 574
-9 -25 578
-10 -22 582
-3 -14 585
0 -5 589
3 -2 592
4 -1 596
2 -12 599
0 -22 602
-2 -19 605
-5 -13 608
-10 -1 610
-12 4 613
-1 -1 615
5 -9 618
7 -16 620
0 -20 622
-13 -16 624
-14 -11 625
-6 -6 627
1 -7 629
8 -8 630
6 -9 631
-2 -9 632
-16 -13 633
-19 -11 634
-8 -10 635
2 -12 636
9 -12 636
7 -12 637
-1 -12 638
-11 -13 638
-16 -10 638
-11 -8 639
-2 -9 639
3 -9 639
1 -12 639
-9 -10 639
-19 -3 640
-20 0 640
-11 -1 640
-2 -3 640
5 -9 640
5 -12 640
-11 -14 640
-24 -9 640
-27 -4 640
-15 -3 640
-4 -5 639
3 -7 639
-4 -7 639
-16 -7 639
-21 -9 638
-15 -11 638
-5 -8 638
-2 -1 638
-1 3 637
-8 7 637
-16 4 636
-11 -10 636
-1 -17 636
3 -17 635
1 -12 635
-7 -2 634
-11 2 634
-10 -3 633
-1 -16 633
4 -26 633
4 -29 632
3 -26 632
4 -22 631
6 -25 631
3 -27 630
0 -24 630
0 -20 630
-1 -17 630
-6 -16 629
-9 -14 629
-14 -11 629
-18 -5 629
-15 -4 629
-13 0 629
-13 1 630
5 2 630
27 -6 630
26 -5 631
21 0 632
21 2 632
20 2 633
13 1 634
8 1 635
3 -3 636
-2 -6 637
4 -6 638
5 -7 639
3 -10 641
4 -14 642
1 -17 644
0 -21 646
-3 -22 648
-6 -20 650
-4 -20 653
-1 -15 655
-3 -13 658
0 -8 661
-3 -6 664
2 -8 668
4 -7 671
1 -8 675
1 -11 679
0 -12 683
-2 -10 687
3 -10 691
4 -7 696
-2 -4 700
-12 -6 704
-14 -7 708
-1 -12 713
15 -11 717
25 -11 721
15 -10 725
2 -11 730
-11 -12 734
-18 -11 738
-17 -9 741
2 -11 745
23 -17 749
27 -15 752
10 -9 756
-5 -8 759
-19 -8 762
-20 -8 765
-3 -10 768
20 -16 771
35 -21 773
29 -18 776
18 -10 778
0 -10 780
-9 -12 783
-12 -13 785
-6 -7 787
3 3 788
8 7 790
7 -2 792
13 -20 793
19 -39 794
18 -41 796
13 -35 797
7 -22 798
6 -8 798
7 1 799
8 3 800
14 -9 800
18 -21 800
16 -31 801
14 -29 801
9 -18 801
0 -4 801
-5 1 801
3 -4 801
15 -14 801
23 -30 801
18 -32 800
8 -24 800
-3 -16 800
-10 -5 800
-4 2 799
4 3 799
7 -2 799
1 -8 799
-9 -15 798
-18 -18 798
-20 -16 798
-11 -13 798
4 -14 798
19 -16 798
15 -17 798
5 -18 798
-5 -19 797
-10 -16 797
-9 -11 797
-1 -8 797
6 -10 797
6 -13 797
3 -21 797
0 -27 797
-6 -32 797
-6 -29 797
-4 -25 797
-4 -21 797
-1 -19 797
2 -19 796
4 -17 796
8 -15 796
2 -13 795
-1 -14 794
-9 -13 794
-8 -8 793
-7 -9 792
-5 -11 791
-3 -11 790
-2 -10 789
0 -12 787
-4 -16 786
-12 -18 785
-14 -14 783
-7 -10 782
-1 -7 780
0 -8 778
-6 -7 776
-10 -11 774
-9 -11 772
-8 -5 770
-10 -2 767
-6 -3 764
-9 -7 762
-9 -4 759
-8 -8 755
-9 -3 752
-8 -4 749
-8 -1 745
-6 3 741
-11 0 737
-19 1 733
-27 7 729
-31 15 724
-30 16 720
-24 10 715
-16 0 710
-6 -14 706
1 -26 701
-1 -20 696
-8 -8 691
-19 4 686
-23 13 682
-23 11 677
-14 -3 672
-1 -23 668
5 -30 663
1 -24 659
-7 -10 654
-18 0 650
-29 6 646
-35 10 642
-33 4 639
-20 -10 635
-4 -20 631
9 -23 628
8 -20 625
-5 -8 622
-19 -2 619
-22 0 616
-17 -6 613
-12 -14 611
-4 -19 609
-4 -15 606
-9 -11 604
-13 -5 602
-19 -3 600
-25 0 598
-28 -2 597
-18 -8 595
-3 -14 594
-1 -11 592
-3 -9 591
-12 -5 590
-24 0 588
-33 3 587
-38 4 586
-30 1 585
-16 -4 584
-5 -8 584
-1 -11 583
-4 -15 582
-16 -12 582
-26 -8 581
-25 -6 581
-19 -2 580
-9 -7 580
-1 -12 580
-5 -14 580
-14 -14 580
-16 -13 580
-19 -14 580
-11 -12 580
0 -12 580
0 -13 580
-10 -13 580
-21 -9 580
-31 -3 581
-29 0 581
-16 -3 581
-1 -8 582
3 -12 582
3 -16 582
0 -15 582
-3 -13 583
-1 -11 583
-3 -10 583
-7 -8 583
-4 -5 584
-4 0 584
-9 2 584
-12 6 584
-16 9 584
-15 13 584
-10 13 583
-7 6 583
-5 1 583
-4 3 582
-8 3 582
-15 2 581
-18 0 581
-8 1 580
-4 1 579
0 1 578
1 0 577
-1 -1 576
-6 0 574
-15 -3 573
-10 -4 571
-2 -7 569
8 -11 566
13 -17 564
14 -18 561
9 -16 558
6 -15 555
7 -19 552
5 -24 548
5 -25 545
2 -25 541
7 -22 537
6 -13 532
5 -8 528
1 -7 523
-1 -20 519
-1 -22 514
-6 -17 510
-4 -12 505
-8 -12 500
-6 -3 496
3 -2 491
16 -12 487
18 -26 482
13 -23 478
6 -18 473
0 -8 469
0 2 465
-1 9 460
8 0 456
18 -12 453
14 -19 449
10 -17 445
1 -12 442
-11 -4 439
-16 2 436
-14 7 433
-2 0 430
8 -9 427
11 -19 425
6 -16 422
-4 -11 420
-6 -3 418
-8 0 416
1 -1 414
15 -7 412
20 -15 410
14 -17 408
5 -12 407
-8 -4 405
-14 0 404
-19 6 402
-12 7 401
-1 0 400
4 -4 399
3 -8 398
3 -8 397
-2 -5 396
-7 -1 395
-7 -1 395
2 -6 394
13 -11 393
16 -9 393
11 -7 393
3 -1 392
-5 3 392
-10 5 392
-5 -1 392
5 -10 392
13 -14 392
10 -9 392
3 -2 392
-7 3 392
-12 5 392
-10 1 392
1 -7 392
13 -15 392
19 -15 392
13 -11 392
5 -7 392
-8 0 392
-15 6 392
-18 8 392
-11 -1 392
0 -8 392
5 -7 392
4 0 392
-3 3 392
-10 0 392
-17 -7 392
-13 -12 392
-6 -20 392
-2 -28 391
-1 -28 391
3 -26 391
6 -22 391
5 -27 390
4 -30 390
5 -30 390
2 -23 389
-4 -14 389
-3 -12 388
-3 -14 387
-3 -19 387
-2 -19 386
-11 -21 385
-15 -24 385
-16 -20 384
-14 -16 383
-10 -14 382
-6 -12 380
-5 -14 379
-7 -13 377
-10 -11 375
-19 -6 373
-21 -7 370
-17 -2 368
-12 -3 365
-9 -5 362
-3 -5 358
0 -6 354
5 -6 350
3 -4 346
6 -1 341
3 -2 337
2 -6 332
4 -1 327
2 3 322
2 4 317
9 1 311
9 -7 306
9 -18 301
7 -24 296
1 -25 291
-6 -14 286
-8 1 281
-6 12 276
-7 13 271
1 -3 266
8 -21 261
5 -23 257
0 -13 252
-2 -1 248
-7 1 244
-1 -3 240
7 -16 236
11 -29 233
6 -31 229
-2 -25 226
-5 -10 223
-4 0 219
-5 4 217
1 -1 214
7 -17 211
4 -27 209
1 -29 206
-2 -19 204
-5 -7 202
-4 -4 201
-2 -7 199
2 -16 197
8 -29 196
10 -36 195
8 -38 193
1 -29 192
-4 -12 191
-5 -4 191
-7 -5 190
-1 -15 189
3 -27 189
1 -33 188
-1 -26 188
-4 -12 187
-9 -3 187
-7 0 187
0 -8 187
4 -27 186
2 -39 186
0 -41 186
-3 -30 186
-4 -14 186
-3 -6 186
1 -8 186
6 -19 186
2 -27 186
1 -22 186
1 -8 186
-2 4 185
3 6 185
14 0 185
15 -8 185
14 -20 185
12 -24 185
8 -19 185
0 -5 186
-2 5 186
-4 10 186
-9 10 186
-9 1 186
-9 -7 186
-6 -10 187
-4 -6 187
0 -1 187
-1 -5 187
0 -5 188
-2 -2 188
-6 1 189
-4 1 189
-2 2 189
-4 3 189
-8 7 190
-7 17 190
-5 13 190
-6 0 190
-8 -12 190
-9 -12 190
-11 -7 189
-10 -4 189
-11 -4 188
-8 0 188
-10 1 187
-4 3 186
1 3 185
-4 0 184
-10 -5 182
-18 -3 180
-12 -2 178
6 0 176
16 2 174
13 -4 171
8 -9 168
0 -9 165
1 -12 162
0 -15 159
-1 -18 155
-2 -21 151
-8 -24 147
-9 -21 142
-5 -17 138
-1 -17 133
-3 -15 128
-5 -12 123
-2 -8 118
-1 -9 113
-7 -14 107
-6 -11 102
-3 -6 97
-9 -3 92
-8 0 87
0 0 82
5 -10 77
7 -17 72
3 -11 67
1 -9 63
-3 -3 58
-4 0 54
0 -1 49
4 -13 45
7 -24 41
6 -22 37
0 -15 34
-3 -5 30
-8 2 27
-8 6 23
-7 7 20
-1 -4 17
3 -19 15
5 -26 12
0 -22 9
-8 -9 7
-9 -2 5
-9 7 2
-8 13 0
0 4 -1
1 -11 -3
3 -20 -5
0 -20 -6
-3 -15 -8
-6 -4 -10
-6 2 -11
-5 5 -13
1 0 -14
6 -12 -15
8 -21 -16
2 -20 -17
0 -15 -18
-6 -11 -19
-10 -5 -20
-6 1 -20
-2 2 -21
-3 3 -21
0 -4 -22
0 -18 -22
-6 -25 -22
-9 -24 -23
-11 -14 -23
-2 -1 -23
-1 12 -23
1 15 -23
0 2 -24
0 -15 -24
-1 -23 -24
-1 -23 -24
-1 -15 -24
0 -12 -24
0 -15 -24
0 -24 -25
-2 -29 -25
-2 -29 -25
-4 -23 -25
-1 -14 -25
4 -5 -25
2 -2 -25
2 -3 -24
4 -8 -24
0 -10 -24
-3 -17 -24
-1 -23 -24
0 -20 -23
2 -10 -23
1 -3 -23
-1 -2 -22
1 -8 -22
1 -15 -22
1 -14 -21
0 -9 -21
4 -4 -20
6 -7 -20
3 -6 -19
1 -14 -19
1 -12 -19
2 -8 -18
0 -13 -18
0 -15 -18
1 -18 -18
3 -26 -17
3 -22 -17
0 -21 -17
4 -21 -17
4 -16 -18
2 -20 -18
0 -20 -18
2 -21 -18
1 -17 -18
2 -13 -19
0 -10 -19
1 -4 -19
5 -2 -19
7 -6 -19
3 -14 -20
5 -19 -20
13 -15 -19
9 -11 -19
6 -7 -19
9 -11 -19
19 -16 -18
18 -10 -17
10 -3 -16
6 1 -15
6 5 -13
8 1 -12
8 -5 -10
10 -11 -8
5 -13 -6
2 -11 -3
6 -14 -1
4 -13 1
8 -14 4
7 -17 7
6 -16 10
5 -15 14
1 -13 17
1 -10 21
0 -13 25
0 -9 29
-2 -8 33
-5 -11 37
-7 -12 41
-7 -8 46
-4 -1 50
-1 0 55
2 0 59
0 -3 64
-3 -15 68
-5 -19 72
-6 -19 77
-4 -13 81
0 -11 85
1 -8 89
0 -8 93
0 -12 97
1 -27 100
0 -33 104
-1 -27 107
-4 -15 110
-10 -4 113
-9 -1 116
-5 -9 119
0 -22 121
1 -26 124
-2 -23 126
-2 -13 128
-3 -1 130
-6 6 132
-3 7 133
2 1 135
2 -11 136
1 -29 137
1 -32 139
-1 -23 140
-4 -11 141
-8 0 141
-5 3 142
-3 2 143
-1 -9 143
4 -28 143
6 -33 144
5 -25 144
2 -13 144
0 0 144
-5 10 144
-5 10 144
-2 1 144
0 -16 143
3 -25 143
2 -17 142
0 -3 142
2 4 141
2 8 141
4 3 140
5 -11 140
2 -26 139
-1 -24 138
-8 -12 138
-9 0 137
-6 5 136
-6 6 135
-2 2 135
1 -12 134
4 -26 133
8 -29 133
6 -20 132
2 -8 132
-2 -1 131
-2 2 131
-3 -1 130
-3 -12 130
-5 -18 130
-5 -16 129
-7 -6 129
-6 2 129
0 7 129
4 8 129
3 5 128
-2 -4 128
-5 -11 128
-4 -9 127
-9 -4 127
-6 -1 127
-7 1 127
-9 -1 126
-5 -4 126
-3 -6 126
3 -3 126
5 0 125
2 2 125
-3 -2 125
-2 -5 125
0 -7 124
0 -2 124
-2 2 124
-4 0 124
-2 3 123
-1 0 123
-4 2 123
0 3 123
0 0 122
-2 3 122
0 0 122
