0 -1 0
0 0 0
-1 3 0
-4 2 0
0 4 0
-1 1 0
-3 4 0
-1 1 0
-3 4 1
-1 1 1
-2 4 1
-1 0 1
0 3 1
-2 1 2
0 0 2
-2 2 2
0 0 2
-2 1 3
1 1 3
-1 0 3
0 3 3
0 0 3
0 3 3
0 0 4
-1 4 4
0 1 4
-1 -1 4
0 1 4
-2 0 4
0 1 4
-2 0 4
0 0 5
-2 0 5
0 0 5
-2 1 5
1 0 5
-2 1 5
0 0 5
-2 1 5
1 0 5
-2 0 5
0 2 5
-1 0 5
0 2 5
0 -1 5
-2 3 5
-2 3 5
-1 1 5
0 -1 5
0 1 5
-2 -1 5
0 1 5
-3 0 5
0 2 5
-2 0 5
0 1 5
-2 1 5
0 0 5
-2 2 5
0 0 5
-2 2 5
0 0 5
-1 2 5
0 0 5
-1 3 5
-1 1 5
2 2 5
0 0 5
-1 3 5
0 0 5
-1 2 5
0 0 5
-1 2 5
0 0 5
-2 2 5
1 1 5
-2 1 5
1 1 5
-2 2 5
1 1 5
-2 1 5
1 0 5
-1 2 5
0 0 5
-1 3 5
0 1 5
-2 3 5
0 1 5
0 -1 5
0 1 5
-2 0 5
0 1 5
-3 2 5
0 1 5
1 3 5
0 1 5
0 4 5
0 1 5
-1 4 5
0 1 5
0 4 5
-3 5 5
0 3 5
-3 5 5
0 4 5
-4 3 5
-2 3 5
-1 6 5
0 3 5
1 5 5
2 2 5
-1 0 5
1 3 5
2 6 5
0 7 5
0 2 5
3 4 5
5 9 4
6 11 4
2 11 4
0 13 4
1 10 4
0 12 4
2 11 4
0 8 4
-1 6 4
-2 5 4
-2 4 4
-4 4 4
-6 6 4
-4 10 4
-1 12 4
-1 16 4
2 15 4
0 11 4
2 12 4
-1 10 4
1 9 4
-2 9 4
-4 5 4
-3 5 4
0 4 4
3 3 4
0 0 4
1 2 4
0 8 5
2 11 5
2 15 5
6 14 5
4 17 5
2 19 4
5 19 4
0 13 4
1 13 4
-4 10 4
-4 7 4
-5 9 4
0 10 4
-1 13 4
2 12 4
3 14 4
1 17 4
0 18 4
-4 12 4
2 12 4
-3 11 4
-2 7 4
-1 4 4
0 2 4
3 1 4
3 6 4
1 9 4
4 6 4
2 7 4
0 9 4
0 10 4
-3 7 4
-6 8 4
-8 7 3
-5 7 3
-8 4 3
-5 1 3
-4 6 3
-3 11 3
-3 13 3
-5 14 3
-2 15 2
-4 15 2
-5 10 2
-5 6 2
-3 12 2
-6 10 2
-5 8 2
-4 5 2
0 4 1
-1 8 1
-2 11 1
-2 13 1
-2 16 1
-3 17 1
-3 12 1
0 12 1
-4 11 1
-8 11 1
-7 9 1
-6 9 1
-9 5 1
-9 5 1
-7 8 1
-4 11 1
-4 14 1
0 12 1
-1 14 1
-4 16 1
-7 13 1
-2 13 1
1 19 1
0 16 1
0 15 1
0 11 1
2 8 1
0 10 1
0 13 1
0 15 1
-2 16 1
1 14 1
2 17 2
0 14 2
0 10 2
-3 10 2
-3 8 2
-7 7 2
-2 7 2
0 12 2
2 15 2
4 15 2
0 13 2
-1 14 2
-4 17 2
-7 12 2
-4 12 2
-8 11 2
-7 9 2
-5 8 2
-3 7 2
-2 4 3
-4 8 3
-6 9 3
-6 11 3
-8 12 4
-10 12 4
-7 12 4
-9 13 5
-9 10 5
-13 10 5
-12 6 5
-12 6 5
-13 6 6
-16 6 6
-17 5 7
-16 3 8
-15 3 9
-13 4 10
-10 4 11
-8 7 13
-6 6 15
0 9 18
0 13 20
0 8 23
-1 6 26
-4 9 29
-7 10 33
-3 11 36
-6 13 40
-5 10 44
-2 7 48
0 5 52
1 2 56
4 2 61
6 4 65
6 7 70
4 9 75
2 4 80
0 6 85
-3 7 90
-2 9 95
-6 12 99
-4 9 104
-5 12 109
-1 12 113
-4 13 118
-1 9 122
-3 6 126
0 3 130
-2 7 134
-4 3 138
-2 1 141
1 4 145
1 9 148
0 5 151
1 2 153
0 6 156
-1 8 158
0 11 160
3 11 162
1 14 164
-1 8 166
0 7 167
-5 5 169
-2 4 170
-6 5 171
-8 4 172
-3 4 173
0 7 174
0 11 175
-2 12 175
2 10 176
0 13 177
-2 10 177
-4 6 177
-6 2 178
-4 1 178
0 5 178
4 6 178
4 2 178
3 4 178
1 7 178
1 9 178
0 10 178
0 13 178
-3 10 178
0 10 177
-2 5 177
-2 3 177
-5 5 176
-8 7 176
-4 10 176
-1 12 175
1 14 175
2 9 175
-1 8 174
-1 11 174
-5 7 174
-3 5 174
-7 5 174
-4 5 173
-6 11 173
-7 7 173
-6 5 172
-2 5 172
-2 8 172
-3 9 172
-1 8 171
0 10 171
0 12 171
1 10 171
-1 7 171
-2 6 171
-5 10 171
-9 12 171
-5 10 171
-1 13 171
0 16 171
0 17 171
0 12 171
0 15 172
-5 12 172
-4 5 172
-5 5 172
-3 4 172
-3 10 172
-5 6 172
-2 3 172
-3 8 172
-4 12 172
-5 12 172
-2 10 171
0 13 171
-5 10 171
-2 7 171
-7 7 171
-6 4 170
-9 5 170
-10 3 170
-5 3 170
0 6 170
0 9 170
-1 9 170
0 9 170
-3 10 170
-4 5 170
-1 8 170
-2 5 170
0 4 170
-3 7 170
-4 3 170
0 0 170
-1 4 170
-3 6 170
-3 8 170
0 7 170
3 6 170
-1 8 170
2 8 170
-1 9 170
-2 6 170
-2 6 170
-7 9 169
-7 7 169
-4 6 169
0 6 169
2 6 169
5 4 169
8 3 169
5 4 169
2 6 169
0 2 168
3 1 168
4 6 167
4 3 167
6 0 165
10 0 164
7 0 163
5 0 161
2 0 159
0 3 157
0 0 155
2 -2 152
-1 -1 149
-3 -3 146
-3 1 143
0 2 140
1 -1 136
0 -3 132
-1 -2 128
-3 -2 124
-5 -3 119
-7 -1 114
-10 -2 110
-6 0 104
-8 1 99
-11 3 94
-13 6 89
-10 7 83
-7 6 78
-3 7 73
0 8 67
1 10 62
-1 4 57
-1 5 53
-1 8 48
-2 5 44
-2 9 40
-6 8 36
-4 4 32
-4 7 29
-3 9 26
-2 11 23
-5 12 20
-3 9 18
-5 12 15
-7 15 13
-6 11 11
-3 11 10
-3 8 8
-2 3 7
0 2 6
0 1 5
1 0 4
-1 -1 3
0 1 3
-1 5 2
-2 8 2
0 9 2
2 11 2
0 14 2
-3 10 2
-7 9 2
-7 4 2
-5 2 2
-10 2 2
-5 0 3
-2 4 3
1 7 3
0 9 3
-1 12 4
-5 13 4
-1 14 4
-5 11 4
-1 8 5
-3 5 5
-1 4 5
-4 6 6
-2 1 6
0 5 6
-2 10 7
-3 12 7
0 14 8
1 17 8
-2 16 8
-3 11 9
-8 10 9
-6 9 9
-5 8 9
-8 5 10
-4 1 10
-2 4 10
-2 8 10
-3 10 11
0 8 11
0 13 11
-1 15 11
-1 11 11
-3 10 11
-3 6 11
-2 5 11
-4 8 11
-2 5 11
-2 8 12
-2 11 12
-3 14 12
0 13 12
0 16 12
-2 13 12
-3 9 13
-8 12 13
-7 8 13
-7 4 13
-8 1 13
-6 5 13
-4 10 14
0 12 14
-1 13 14
0 8 14
0 11 14
-5 12 14
-4 9 14
-8 12 14
-8 7 13
-4 6 13
-7 10 13
-4 6 13
-1 4 13
-2 8 13
-3 10 13
0 12 13
0 14 13
0 12 13
-3 11 13
-9 13 13
-10 8 13
-7 4 13
-10 7 13
-12 3 13
-7 5 13
-5 8 13
-5 10 13
-2 10 13
1 14 13
-2 15 13
0 14 13
-3 9 13
-1 7 13
1 8 13
1 4 13
2 0 13
0 2 13
0 5 13
-2 6 13
-3 8 13
0 9 13
-4 8 13
-3 7 13
-7 12 13
-8 9 13
-8 5 13
-9 3 13
-9 0 13
-5 0 13
-8 0 13
-10 0 13
-12 2 13
-15 2 13
-17 7 13
-20 6 12
-16 7 12
-15 8 12
-14 6 12
-13 4 12
-11 3 12
-10 2 12
-8 0 12
-3 2 13
-1 2 14
2 3 15
4 3 17
4 6 18
2 10 20
0 7 22
-2 8 24
0 7 27
-1 8 29
0 4 31
0 7 34
0 10 36
0 12 38
0 8 41
0 11 43
0 14 46
0 10 48
-1 13 50
1 11 52
2 18 54
1 17 56
0 13 58
1 11 60
3 11 61
2 9 63
1 5 64
5 3 66
6 7 67
4 9 68
2 11 69
0 11 70
3 9 70
3 12 71
0 9 72
0 6 72
-1 3 73
-4 1 73
-6 1 73
-8 5 73
-6 10 74
-2 10 74
0 10 74
1 12 74
0 14 74
0 17 74
0 19 74
-3 16 74
-4 14 74
-6 10 74
-2 11 74
-3 16 74
-1 10 74
0 6 74
-2 8 74
-3 11 73
-1 12 73
1 9 73
3 12 73
0 7 72
-3 7 72
-4 2 72
-5 2 71
-9 5 71
-5 5 71
-2 5 71
0 8 70
0 11 70
0 13 70
0 15 70
-4 10 70
-8 8 70
-5 6 70
-3 4 70
0 4 69
2 10 69
2 6 69
1 1 69
0 5 69
0 7 69
-1 8 68
-1 10 68
1 10 68
-3 11 68
-3 8 68
-3 5 67
-4 3 67
-8 5 67
-3 6 67
0 8 67
2 10 67
3 12 66
0 12 66
1 15 66
-3 14 66
-2 9 66
-4 5 66
-1 4 66
2 8 66
5 12 66
4 7 66
4 1 66
3 1 66
2 3 66
1 4 65
1 5 65
0 9 65
0 12 65
0 8 65
-4 7 65
-5 6 65
-8 9 64
-4 10 64
0 11 64
2 10 64
6 9 64
3 10 64
2 13 64
-2 11 65
-3 6 65
-2 2 65
-7 8 65
-6 7 65
-4 5 65
-2 2 65
-3 6 65
-4 10 65
-8 10 65
-10 6 65
-8 3 65
-10 7 65
-13 9 65
-15 12 65
-15 9 65
-12 10 65
-17 8 66
-14 5 67
-12 4 67
-10 2 69
-7 2 70
-4 4 72
-2 5 74
-2 10 76
-1 6 79
2 3 81
1 7 84
-1 10 88
0 11 91
0 14 94
1 9 97
0 10 101
-3 11 104
-5 12 107
-5 16 110
-3 13 114
0 11 117
-3 6 119
1 6 122
0 6 125
0 3 127
-1 5 130
-2 8 132
-2 11 134
-3 12 136
0 9 138
0 12 139
3 11 141
-1 8 142
-6 5 143
-5 3 145
-6 3 146
-8 4 147
-4 3 147
0 4 148
2 7 149
1 8 149
4 8 150
1 10 150
-3 8 151
-1 6 151
-5 4 151
-6 0 151
0 2 152
0 4 152
3 0 152
5 -3 152
4 0 152
2 2 151
0 2 151
0 5 151
0 9 151
-1 4 150
-4 7 150
-4 2 150
-3 0 149
-6 2 149
-4 5 149
-1 6 148
0 8 148
-1 8 148
-2 11 148
-4 13 147
-2 9 147
-4 7 147
-5 4 147
-4 1 147
-1 2 146
-5 3 146
-2 0 146
0 2 146
0 6 145
-2 8 145
0 8 145
-1 11 145
-5 11 144
-5 7 144
-5 2 144
-5 -1 144
-9 0 143
-12 2 143
-7 2 143
-2 5 143
-1 8 143
-1 10 143
0 13 143
0 17 142
-3 12 142
-5 6 142
-4 3 142
-1 3 142
-1 1 142
1 -1 142
0 0 142
-1 3 142
-2 6 142
-4 7 142
0 8 142
-6 9 142
-3 7 142
-6 3 142
-4 1 142
-9 0 142
-11 -2 141
-8 -1 141
-4 2 141
-3 6 141
-1 8 141
-2 10 141
0 14 141
-4 11 141
-4 5 141
-5 0 141
-2 2 141
0 7 141
0 4 141
0 0 141
-1 2 140
-2 6 140
-4 7 140
-7 3 140
-5 6 139
-9 8 139
-4 7 139
-10 8 139
-10 7 138
-9 7 138
-13 5 138
-12 2 138
-13 1 139
-13 0 139
-14 -3 140
-11 0 141
-10 1 142
-9 1 143
-6 1 144
-2 1 145
0 1 145
1 5 146
1 6 147
5 4 147
3 7 147
2 8 148
0 9 148
0 12 148
-1 9 148
1 8 148
-2 6 148
0 3 148
3 7 147
0 14 147
1 10 147
2 6 147
5 9 146
3 12 146
0 13 146
-2 8 146
0 8 146
-1 10 145
0 5 145
-3 1 145
-5 -1 145
-4 -1 144
-8 2 144
-2 4 144
-1 6 144
0 7 144
-1 8 143
1 5 143
1 8 143
-3 5 143
-6 2 142
-3 0 142
0 3 142
-4 3 142
-1 0 142
3 1 141
2 4 141
1 7 141
0 8 141
1 9 141
-1 8 141
1 6 141
0 2 141
-1 0 141
-3 0 141
-6 2 141
-1 4 141
0 8 141
0 10 142
0 10 142
2 6 142
1 10 142
-3 8 142
-6 5 142
-5 4 142
-2 9 142
-4 6 142
-1 2 142
2 3 142
0 5 142
-1 7 143
-4 7 143
-1 9 143
-6 15 143
-6 13 144
-9 13 144
-6 9 144
-7 8 144
-12 5 145
-7 5 145
-4 8 145
-2 11 145
-2 13 146
0 9 146
0 14 146
-1 9 146
-4 6 146
-4 2 147
-1 4 147
-5 4 147
-3 0 147
0 1 147
0 4 148
-2 7 148
0 5 148
0 7 149
-2 9 149
0 6 149
-3 2 149
-1 0 150
-5 3 150
-9 0 150
-3 0 150
-1 5 151
-1 7 151
0 9 151
2 9 151
-2 8 151
-3 5 151
-4 2 151
-4 1 151
-2 -1 152
0 -4 152
3 -7 152
2 -5 152
0 -2 152
-1 0 152
-2 2 152
-3 4 152
-1 7 152
-3 11 152
-3 7 152
-7 11 152
-6 7 152
-3 7 153
-9 7 153
-5 3 153
-1 5 152
0 2 152
-2 -1 152
0 -3 152
2 -1 152
0 0 152
-3 2 152
-3 4 152
-4 8 152
-4 11 152
-4 7 152
0 4 152
-1 8 152
-4 9 152
-2 6 152
-3 9 152
-2 6 152
-4 8 152
-3 11 152
-3 7 153
-5 5 153
-2 4 153
0 7 153
-3 8 153
-6 5 153
-3 6 153
4 8 154
3 8 154
2 5 154
-1 6 154
-3 8 154
-3 5 155
-1 8 155
-1 4 155
0 7 155
-4 7 155
0 6 156
0 9 156
-1 6 156
-2 9 156
-1 5 156
-2 9 157
-2 5 157
-1 9 157
-3 6 157
0 4 157
0 8 157
-3 8 158
-2 6 158
0 9 158
-1 7 158
1 5 158
-1 6 159
-5 6 159
-1 6 159
-1 3 159
-1 6 159
1 5 159
-1 5 160
-4 7 160
-1 7 160
0 3 160
-1 7 160
0 3 160
-1 6 160
-3 3 161
-2 6 161
0 2 161
-1 4 161
-4 7 161
-1 5 161
-3 7 161
-1 4 161
-3 7 162
-1 4 162
-1 7 162
-3 4 162
0 6 162
-3 4 162
-3 7 162
-3 3 162
0 5 162
-2 6 163
0 6 163
