0 1 0
0 5 0
0 8 2
0 11 4
0 15 6
0 18 8
0 22 11
0 25 15
1 28 18
1 31 22
1 35 25
1 38 29
0 42 33
0 45 37
0 48 40
1 51 44
1 54 47
1 56 51
1 59 54
1 62 57
2 65 60
1 68 63
1 70 66
0 73 68
1 76 71
2 78 73
0 81 75
1 83 77
2 81 78
0 83 80
2 81 81
0 82 82
1 80 84
0 83 85
4 83 86
-1 81 86
0 81 87
1 82 88
0 80 88
1 82 89
0 80 89
2 82 89
1 80 90
0 82 90
2 83 90
0 81 90
3 83 90
1 81 90
0 82 90
2 82 90
0 81 90
3 82 89
0 81 89
3 82 89
0 82 89
2 79 89
2 81 88
0 79 88
1 82 88
4 81 88
0 82 88
4 83 87
2 81 87
2 79 87
1 81 87
0 79 87
2 82 86
0 84 86
1 82 86
4 84 86
2 82 86
4 80 86
4 83 85
4 86 85
4 83 85
6 80 85
5 81 85
1 81 85
1 84 85
1 81 85
0 83 84
2 84 84
0 82 84
-1 85 84
-1 88 84
-3 92 84
-3 95 84
-2 92 84
0 90 83
0 88 83
0 86 83
1 86 83
1 85 83
4 88 83
3 86 83
2 84 82
3 81 82
0 82 82
0 84 82
2 85 82
2 87 81
5 88 81
9 88 81
5 87 81
5 86 81
2 85 80
2 84 80
0 83 80
-2 85 80
-1 88 79
-1 86 79
0 88 79
-1 90 79
-3 88 79
-1 85 79
0 88 79
2 82 79
2 82 79
3 85 79
2 83 79
-1 83 79
-3 85 79
-3 88 79
-1 91 79
2 91 79
2 93 79
3 89 79
2 87 79
2 86 79
3 85 79
1 84 79
0 86 79
1 84 79
2 87 80
5 87 80
4 85 80
1 83 80
1 85 80
2 82 81
3 79 81
1 82 81
0 80 82
2 78 82
1 75 82
-2 74 82
-1 77 83
0 79 83
2 81 83
5 82 83
4 80 84
2 79 84
0 78 84
-2 78 84
-6 78 85
-7 80 85
-5 83 85
-3 86 85
-1 88 85
1 89 86
0 91 86
0 88 86
2 87 86
3 85 86
4 84 87
1 87 87
3 84 87
2 81 87
0 84 87
-2 86 87
0 88 87
4 87 87
7 89 87
6 87 87
1 85 87
0 84 87
-2 84 87
-4 82 87
-5 81 87
-3 83 87
-1 85 87
0 87 87
0 84 87
0 86 87
-1 88 87
-3 85 87
-2 82 87
-1 82 87
0 80 87
1 79 87
0 77 87
-4 78 87
-6 80 87
-3 80 87
-1 82 87
1 83 87
1 80 87
-1 76 87
-1 76 87
-5 76 88
-6 74 88
-7 78 88
-5 80 88
-3 81 88
-3 78 88
-2 76 88
1 75 88
-1 76 88
-4 78 88
-5 76 88
-7 77 88
-11 78 88
-14 81 88
-17 82 88
-18 83 88
-19 84 89
-19 86 89
-19 88 90
-18 89 92
-17 90 93
-16 91 96
-13 91 98
-11 90 102
-9 89 105
-7 88 109
-6 87 114
-6 85 119
-2 83 125
0 81 130
3 81 136
6 83 143
3 82 149
5 84 156
6 87 162
5 84 167
6 87 172
5 84 175
2 81 176
2 83 177
0 84 177
0 87 177
1 89 176
1 91 174
5 90 172
1 88 169
0 85 166
0 84 163
-3 85 159
-4 84 156
-6 83 152
-3 84 148
0 85 144
0 87 140
1 88 136
2 86 133
0 85 129
1 82 125
0 80 122
0 78 118
0 80 115
3 81 112
5 79 109
5 82 106
2 84 104
1 87 102
3 85 101
3 87 102
3 85 103
0 87 105
1 84 106
2 82 107
-2 84 109
-5 86 111
-3 88 112
0 88 113
4 87 114
2 85 114
2 87 114
-2 87 114
-2 86 114
-1 82 113
0 81 112
2 84 112
3 82 111
0 82 110
0 85 110
0 87 112
0 89 115
3 87 118
1 90 122
-2 91 127
-2 89 133
-2 87 139
-4 86 145
-5 84 151
-7 86 157
-5 88 163
-1 89 167
2 88 169
2 86 171
2 89 172
2 87 173
-1 86 173
-1 84 173
0 84 174
0 82 176
4 82 178
2 84 180
0 86 183
-1 89 187
1 89 190
1 92 194
1 89 198
-2 87 202
-1 85 206
-1 83 210
-4 82 214
-6 80 218
-3 83 221
-2 84 224
-1 86 225
1 87 224
1 90 223
-2 89 221
-1 86 220
-2 83 219
-1 81 219
0 80 218
1 79 219
3 78 220
1 81 221
0 83 222
0 85 223
1 87 225
3 85 227
1 88 228
-1 89 230
-3 88 232
-5 86 234
-6 84 236
-6 82 238
-4 85 240
-2 87 242
-2 90 244
0 88 246
0 91 248
0 89 250
-1 86 252
-1 84 253
0 82 255
-2 81 256
-1 79 257
1 80 259
3 82 260
4 79 261
6 81 262
9 81 262
6 81 263
6 84 264
4 79 264
5 82 265
6 84 265
6 83 266
10 83 266
10 82 266
6 82 266
8 81 265
6 81 265
4 80 264
4 78 263
4 77 262
5 75 261
5 74 259
3 75 257
1 75 254
0 75 252
0 76 248
1 79 245
0 80 241
-3 80 237
-1 79 233
-2 81 228
-4 83 224
-4 86 219
-7 84 213
-4 85 208
-4 87 203
-7 88 197
-6 85 192
-4 83 186
-5 86 181
-3 88 175
0 86 170
0 88 164
-1 85 159
-2 87 154
-4 88 149
-7 89 145
-6 86 140
-6 89 136
-6 92 131
-2 90 127
0 91 123
0 88 120
0 87 116
2 86 113
1 85 110
2 88 107
6 88 104
3 89 102
1 90 100
1 91 98
5 89 96
3 87 94
0 88 92
0 85 91
-2 85 90
-4 84 88
-4 83 88
-3 86 87
1 86 86
-1 85 86
2 86 85
0 85 85
3 86 85
0 86 84
0 83 84
0 82 84
1 86 84
3 84 85
3 82 85
0 84 85
-2 86 85
0 87 85
2 89 85
3 92 85
2 90 85
0 88 86
0 87 86
-2 86 86
-7 85 86
-4 86 86
-2 88 87
-3 90 87
1 89 87
1 91 87
0 93 88
0 90 88
0 86 88
1 84 89
2 84 89
1 88 89
0 85 90
-2 87 90
-3 89 90
-2 91 90
-3 88 90
0 89 91
0 86 91
0 89 91
0 87 91
0 86 91
-2 84 91
-5 83 91
-3 84 91
0 85 91
0 87 92
-2 86 92
0 88 92
-1 86 92
1 85 92
0 86 92
0 83 92
0 88 93
0 85 93
0 83 93
-3 84 93
-3 86 93
-2 88 93
0 90 93
5 89 93
4 87 93
1 89 93
1 88 93
-1 91 93
-2 88 93
-3 86 93
-2 88 93
0 89 93
3 90 94
2 87 94
2 89 94
2 86 94
1 83 94
0 81 94
0 80 94
1 84 94
2 82 94
2 80 94
0 83 94
-3 84 94
-3 85 94
0 86 94
3 84 94
3 82 93
0 85 93
0 83 93
0 81 93
-2 80 93
-4 80 93
-1 79 93
0 81 92
-1 82 92
-1 79 92
0 77 92
-2 78 92
-3 80 92
-5 80 92
-5 83 92
-7 81 92
-12 82 92
-12 82 92
-10 83 92
-8 82 92
-7 81 92
-6 80 92
-4 79 93
-3 77 94
-2 76 95
-2 73 96
0 75 98
1 73 100
3 74 102
4 76 105
6 78 108
3 79 110
0 79 114
0 81 117
3 80 120
5 82 123
2 84 127
-2 84 130
0 84 134
2 83 137
4 85 141
7 83 144
4 82 147
1 83 150
4 82 153
2 84 156
0 83 159
1 85 162
0 83 164
0 80 166
1 82 169
0 83 171
0 81 173
0 83 174
0 86 176
-1 83 177
-1 85 179
-3 82 180
0 83 181
0 85 182
0 82 183
0 84 184
0 86 185
-2 87 186
1 86 186
0 89 187
0 92 188
2 95 188
4 93 189
0 96 189
1 93 189
1 92 190
4 94 190
4 91 190
2 89 190
1 91 190
4 89 190
1 92 190
3 90 189
6 92 189
5 88 189
1 87 189
0 85 188
0 84 188
-2 84 188
0 81 188
0 84 187
0 86 187
1 88 187
5 88 187
4 90 186
4 88 186
3 84 186
4 82 186
5 81 186
1 83 186
2 80 186
5 82 185
4 84 185
0 85 185
1 86 185
4 85 185
2 82 185
0 84 184
1 81 184
0 80 184
-3 84 184
-3 86 184
-2 84 184
-2 87 183
-1 90 183
-1 93 183
0 95 183
0 98 183
0 97 183
1 96 183
4 93 182
1 93 182
-1 92 182
2 89 182
2 87 182
0 89 182
-1 91 182
0 89 182
2 92 181
5 90 181
2 93 181
0 90 181
0 89 181
-1 88 181
-4 86 181
0 87 181
0 90 181
0 92 181
4 91 181
5 94 181
1 93 181
2 90 181
4 87 182
2 85 182
1 85 182
0 83 182
2 81 182
5 82 182
3 84 182
2 86 182
2 87 182
4 89 181
3 86 181
0 88 181
-1 87 181
-1 86 181
-5 86 181
-5 84 181
-4 87 181
-2 89 181
0 90 181
3 89 181
8 91 181
5 91 181
5 89 181
1 89 181
0 89 181
0 89 181
4 89 181
5 87 181
5 85 181
1 86 181
0 87 181
2 89 180
1 90 180
-1 88 180
-1 86 180
-1 88 180
-1 86 180
-1 84 180
-4 83 180
-4 82 180
-8 81 180
-9 84 180
-9 83 181
-5 84 181
-6 88 182
-8 91 183
-8 90 184
-6 88 185
-4 86 186
-1 85 188
1 86 190
4 84 192
5 86 195
7 88 198
7 90 200
4 91 203
5 94 206
4 91 210
3 90 213
3 92 216
4 90 219
4 89 222
6 90 225
6 89 228
4 88 231
7 88 234
8 90 236
5 91 239
3 91 241
5 93 243
6 94 245
6 92 247
2 90 249
2 88 251
3 87 252
2 87 254
0 85 255
0 87 256
0 89 258
0 91 259
4 92 260
3 90 261
2 93 261
0 95 262
0 92 263
0 89 263
0 88 264
3 88 264
7 88 264
7 86 264
6 89 264
5 91 264
4 92 264
2 93 264
4 95 264
4 92 264
1 95 263
0 93 263
0 92 263
0 90 263
-1 88 262
-2 89 262
0 91 262
0 93 261
4 92 261
3 94 261
0 93 261
1 90 260
2 87 260
1 87 260
0 90 260
1 88 260
2 85 259
0 87 259
0 88 259
0 90 259
3 90 259
6 91 258
5 88 258
3 91 258
0 87 258
0 87 258
-2 86 258
-5 86 258
-2 89 258
1 90 258
1 93 258
4 90 258
4 92 258
2 89 258
3 86 258
2 83 258
0 84 258
0 88 258
1 86 258
2 83 258
1 85 258
0 87 258
0 89 258
2 90 258
4 92 258
4 90 258
0 87 258
0 86 258
-3 85 258
-5 86 258
-3 85 258
0 88 258
1 90 258
1 91 258
0 89 258
0 91 258
2 92 258
0 89 258
0 87 258
0 86 259
2 90 259
5 91 259
4 89 259
4 92 259
4 94 259
1 94 258
-1 91 258
-3 90 258
-5 93 258
-4 91 258
-6 95 258
-5 93 258
-4 93 258
-4 93 256
-2 93 254
-2 92 250
-3 90 245
-5 89 240
-9 91 233
-7 91 226
-4 89 218
-2 87 210
1 85 201
4 83 192
4 87 182
5 87 172
5 90 162
4 87 152
2 89 142
3 92 133
0 90 123
-2 87 114
-3 89 105
-3 91 97
-4 92 88
-2 93 81
-2 95 73
0 93 66
1 91 59
-1 91 53
0 89 47
2 89 42
3 89 37
0 93 32
4 97 28
5 97 24
5 94 21
4 96 18
1 93 15
2 94 12
2 91 10
1 87 8
-1 87 6
-5 87 4
-5 86 3
-5 88 1
-4 84 0
-2 86 0
-2 89 -1
1 90 -1
0 88 -2
-2 89 -3
-1 91 -3
-2 88 -3
-2 84 -4
-1 82 -4
-5 85 -4
-4 83 -4
-2 86 -4
0 84 -4
-1 87 -4
2 85 -4
4 87 -4
0 86 -3
-3 88 -3
-2 86 -3
-4 85 -3
-8 86 -2
-7 84 -2
-6 87 -2
-3 90 -1
-2 92 -1
1 89 -1
4 91 0
3 94 0
4 92 0
0 91 0
1 89 0
4 88 0
3 85 0
3 83 0
6 84 0
3 87 0
2 88 0
6 88 1
3 87 1
0 89 1
1 85 1
0 84 1
-4 84 1
-7 83 1
-5 85 1
-2 88 1
-1 90 1
3 91 1
7 93 1
4 95 1
7 97 1
5 97 1
4 95 1
4 93 1
2 91 2
3 87 2
0 88 2
0 90 2
-1 92 2
0 93 2
3 90 2
4 91 2
1 91 2
3 86 3
2 85 3
0 86 3
0 85 3
2 84 3
2 87 3
3 89 3
5 90 3
6 92 3
9 93 3
7 94 3
6 92 3
6 96 3
6 94 3
4 94 3
3 92 3
6 89 3
4 86 3
2 87 3
0 85 3
0 87 3
2 84 3
2 86 4
4 83 4
1 87 4
-1 85 4
3 87 4
2 85 4
2 81 4
2 79 4
0 78 4
0 80 5
3 76 5
0 75 5
3 76 5
1 73 5
-1 76 5
0 79 5
0 82 4
0 85 4
2 86 4
2 84 4
5 85 4
4 82 4
2 84 4
0 82 3
1 83 3
4 85 3
2 86 3
3 83 3
0 82 3
1 84 3
1 81 2
3 83 2
0 82 2
2 83 2
0 81 2
1 83 2
-2 83 2
0 81 2
0 83 2
0 81 2
-1 82 2
0 80 1
0 82 1
-3 82 1
0 82 1
-3 83 1
-1 82 1
2 81 1
0 80 1
0 82 1
1 80 1
0 82 1
2 83 1
0 81 1
-2 82 1
0 81 1
0 84 1
1 81 1
-1 82 1
2 82 1
0 85 1
1 83 1
0 85 1
0 83 1
1 85 1
6 89 1
5 89 1
3 87 1
2 85 1
0 84 1
1 86 1
0 84 1
2 86 1
0 84 1
1 86 1
0 89 1
1 87 1
5 87 2
2 85 2
-1 85 2
2 86 2
1 83 2
0 86 2
4 86 2
1 85 2
1 88 2
1 87 2
0 84 2
2 86 2
1 84 2
1 86 3
-1 85 3
1 85 3
-1 86 3
0 84 3
1 86 3
0 84 3
1 86 3
0 84 3
1 86 3
-2 86 3
1 85 3
0 83 3
