0 0 0
-5 0 1
-9 -1 2
-15 -6 4
-21 -13 7
-19 -13 10
-15 -10 13
-12 -5 17
-8 -2 21
-6 0 25
-2 0 29
-5 0 33
0 2 38
1 0 42
0 2 46
1 -1 50
0 0 54
-1 4 58
1 2 62
-1 4 65
0 1 69
-1 3 72
0 0 75
-2 2 78
0 0 81
0 4 84
-1 1 86
1 4 88
-1 2 90
1 2 92
-1 2 94
2 1 96
0 2 97
-3 0 99
0 0 100
-4 2 101
-2 1 102
1 3 103
-2 2 104
1 1 104
-1 3 105
0 0 105
-1 3 106
-1 0 106
0 3 106
2 1 106
-1 2 107
-3 0 107
-1 3 107
1 1 107
-2 3 107
1 4 107
0 1 107
-2 3 106
1 3 106
-3 2 106
0 3 106
0 0 106
0 3 106
-2 0 106
0 3 105
-3 3 105
0 2 105
-2 4 105
0 1 105
1 5 105
0 2 104
-1 5 104
-1 2 104
2 3 104
-1 2 104
-1 5 104
-2 2 104
-1 5 104
-1 2 104
2 0 103
0 1 103
-1 4 103
0 1 103
-1 4 103
0 1 103
-4 2 103
-1 5 103
0 2 103
-3 4 103
0 2 103
0 0 103
0 2 103
-3 4 103
0 2 103
-3 5 103
-1 2 103
2 1 103
-1 2 103
2 1 103
-2 2 103
0 2 103
0 0 103
0 2 103
0 0 103
0 2 103
-3 0 103
-2 3 103
0 2 103
-3 1 103
0 1 103
-2 1 103
0 2 103
-2 3 103
0 1 104
-1 4 104
-1 1 104
-2 4 104
-1 1 104
-1 4 104
-2 0 104
-1 3 104
-4 6 104
-2 2 104
-5 3 104
-2 2 104
-4 5 104
-2 2 104
0 0 104
-3 1 104
0 2 104
-2 1 104
0 0 104
-2 2 104
-5 4 104
-2 2 104
-1 5 104
0 2 104
2 0 104
0 2 103
-4 0 103
-2 2 103
-2 6 103
-2 2 103
0 6 103
0 2 103
1 6 103
1 3 103
-2 2 103
0 3 103
-2 5 103
0 2 103
-3 4 103
-1 1 103
-2 5 103
1 3 103
-2 3 103
1 5 103
0 2 103
-2 4 103
1 5 103
0 5 103
-4 4 103
0 5 103
-3 4 104
0 6 104
0 2 104
-1 6 104
-1 2 104
-1 6 104
-3 3 104
0 5 104
-1 2 104
0 5 104
0 2 104
-1 5 104
-4 4 104
-1 5 104
-2 2 104
-1 6 104
1 3 104
0 3 104
0 6 104
-1 3 105
-3 7 105
0 4 105
-4 4 105
0 5 105
-4 5 105
-1 4 105
-2 7 105
0 4 105
-3 7 105
0 4 105
-3 7 105
0 5 105
0 1 105
0 5 105
0 8 105
-1 5 105
-3 8 105
-2 6 105
0 5 105
1 1 104
-1 0 104
1 -3 105
7 -5 105
7 -2 105
11 -3 105
14 -4 105
12 -1 106
8 1 107
3 4 108
0 6 109
3 5 111
1 8 112
-1 6 115
0 9 117
-4 8 120
-1 5 122
0 4 125
-2 4 128
0 2 132
-4 3 135
-8 4 138
-8 7 141
-5 5 145
-8 5 148
-4 4 151
-7 2 155
-2 1 158
-4 5 161
-2 9 164
0 14 167
-2 25 170
0 28 173
-4 32 175
-6 41 178
-7 45 180
-4 52 182
-7 57 184
-4 59 186
-3 58 188
-1 45 189
0 30 191
-3 17 192
-5 5 193
-6 -6 194
-4 -17 195
-6 -21 195
-7 -22 196
-7 -18 196
-3 -11 197
0 0 197
-2 12 198
-4 28 198
-4 34 198
-5 46 198
-4 50 198
-5 52 198
-1 57 198
-2 55 198
-8 52 198
-9 42 198
-11 32 198
-8 21 198
-5 7 198
-2 -5 198
0 -10 198
-3 -17 198
0 -21 197
1 -23 197
0 -23 197
1 -19 197
2 -6 197
2 -4 197
3 1 197
4 10 197
0 22 197
1 32 197
-3 39 197
-11 46 197
-11 47 197
-13 43 197
-12 34 196
-11 24 196
-12 14 196
-15 7 196
-13 0 196
-9 -4 196
-8 -4 196
-5 -3 196
-1 0 196
-3 1 196
-7 3 196
-4 2 196
-8 1 196
-4 0 196
-2 -2 196
0 -7 196
3 -16 197
11 -18 197
12 -13 198
18 -6 199
23 -3 201
23 -6 202
23 -10 204
19 -5 205
17 4 204
21 9 203
24 7 200
21 8 196
18 9 191
15 8 186
15 7 180
15 13 173
13 20 166
10 24 158
13 24 150
11 31 142
10 33 134
2 45 126
2 51 118
0 58 110
5 61 102
6 60 95
8 49 88
6 38 81
5 25 74
0 12 68
2 0 63
2 -4 57
3 0 52
7 11 48
6 23 43
11 35 39
10 50 35
10 59 32
7 63 28
0 67 25
-3 66 23
-3 59 20
-5 57 18
-3 45 16
-3 33 14
-2 21 13
-2 8 11
-3 1 10
-4 -12 9
-5 -15 9
-4 -15 8
-4 -10 8
-2 -1 8
3 3 7
2 6 7
0 11 7
4 15 7
3 23 7
3 34 7
6 43 7
6 55 8
5 61 8
6 62 8
2 61 9
3 56 9
7 47 9
8 37 10
6 28 10
4 17 10
0 9 11
0 7 11
3 6 11
2 1 11
1 3 11
0 7 11
-2 8 11
-4 10 11
-4 9 10
-2 10 10
0 10 10
2 11 11
4 12 11
1 14 12
3 12 13
0 7 14
0 5 16
-4 2 20
-3 0 25
-3 1 31
0 1 39
-3 3 47
-1 2 56
-4 2 66
-6 8 76
-9 12 86
-10 11 97
-6 7 107
-7 10 117
-3 10 127
0 7 136
2 5 145
0 7 154
1 7 162
-1 7 169
1 9 176
-1 11 182
1 10 187
1 14 192
0 11 197
3 10 201
1 8 204
2 9 207
0 18 210
0 26 212
2 33 214
3 40 215
5 41 216
4 41 217
2 32 218
-2 25 218
-5 11 218
-6 -7 218
-9 -12 218
-11 -17 218
-9 -19 218
-6 -25 217
-6 -22 217
-6 -18 216
-3 -12 216
-1 -6 215
0 -2 214
2 2 214
5 11 213
1 17 212
0 26 211
-1 31 210
1 32 210
1 34 209
-2 32 208
-4 25 207
-8 17 206
-6 -9 206
-7 -10 205
-6 -13 204
-6 -13 203
-7 -20 203
-7 -20 202
-3 -19 202
-2 -14 201
-3 -6 201
-3 -1 200
-3 5 200
-7 12 200
-6 14 199
-5 13 199
-8 17 198
-6 17 198
-7 22 198
-6 25 197
-10 25 197
-8 26 196
-13 23 196
-12 24 195
-10 25 195
-9 26 195
-11 22 194
-10 16 194
-9 12 194
-7 9 194
-5 7 194
-3 4 194
-2 3 195
-1 1 195
0 0 195
5 1 196
11 2 196
18 2 197
21 3 198
22 2 199
23 -1 201
21 -3 201
15 0 200
8 6 199
8 9 196
13 9 191
17 7 187
15 9 181
10 15 174
6 22 167
2 27 160
5 26 152
8 25 144
9 25 136
12 23 128
16 22 121
15 20 113
10 21 105
7 23 98
12 26 91
10 27 85
7 32 78
10 43 72
9 52 67
10 59 61
9 62 56
3 63 52
4 58 47
8 53 44
11 43 40
13 34 37
11 22 34
13 17 32
12 6 29
8 0 27
6 -12 26
5 -12 24
7 -3 23
7 7 22
13 14 20
11 26 20
14 38 19
12 48 18
12 52 17
8 54 17
6 58 16
6 66 16
6 75 16
5 81 16
6 82 16
7 72 16
8 58 16
13 47 17
12 36 17
14 26 18
9 13 18
7 0 19
4 -4 19
2 -3 20
4 0 20
3 7 20
1 14 21
4 22 21
4 36 21
6 40 21
7 44 21
9 48 21
8 55 21
7 61 21
6 65 21
9 62 21
12 60 21
12 52 21
12 42 21
15 35 21
11 30 21
10 21 21
7 19 21
2 16 22
0 16 22
-1 15 22
1 11 22
4 8 22
2 10 22
5 7 23
8 9 23
6 2 23
10 0 23
10 -6 23
8 -4 23
10 -1 24
14 0 24
8 -2 24
3 -3 24
5 0 24
4 -3 24
6 0 25
2 -1 25
5 0 25
4 -3 25
5 0 25
8 0 25
4 0 25
9 -1 25
6 0 25
3 0 25
7 0 26
4 1 26
7 0 26
