0 2 0
0 5 1
1 9 3
1 13 5
2 17 8
3 22 12
4 27 16
10 32 21
18 39 26
25 48 31
27 62 35
21 75 40
11 84 45
0 89 49
-13 91 53
-25 92 57
-38 92 61
-46 94 64
-56 91 67
-65 89 70
-72 85 73
-75 73 76
-75 87 79
-72 79 81
-74 72 84
-73 80 86
-70 86 89
-70 91 91
-66 93 93
-69 95 95
-67 89 96
-70 90 98
-67 93 99
-60 92 100
-57 95 100
-51 93 101
-47 99 100
-47 99 100
-41 100 99
-36 105 98
-36 109 96
-34 108 95
-29 106 93
-24 104 91
-24 104 90
-25 104 88
-25 105 86
-23 109 85
-19 112 83
-11 114 82
-7 111 80
-3 112 79
-2 110 77
0 112 76
2 113 75
4 112 73
5 110 72
7 109 71
4 104 69
5 102 68
3 97 67
-1 96 66
-5 95 65
-9 93 64
-13 91 64
-19 89 63
-26 88 63
-32 88 63
-39 86 64
-45 86 64
-46 84 65
-41 82 66
-38 83 67
-42 86 69
-45 90 70
-42 94 72
-40 98 74
-34 100 75
-30 100 77
-25 102 78
-20 104 79
-17 107 80
-12 109 81
-9 110 81
-6 110 80
-3 109 80
-3 107 79
-4 105 77
-3 108 76
-4 106 74
-6 108 72
-2 107 69
1 108 67
4 107 65
5 107 63
2 105 61
5 103 59
1 99 57
0 99 56
0 99 55
-2 95 55
-7 92 54
-11 90 54
-17 90 55
-15 90 55
-19 89 56
-23 88 57
-26 87 59
-28 90 60
-27 94 62
-24 97 63
-22 100 65
-20 103 66
-18 105 68
-16 107 69
-13 109 70
-10 110 71
-11 108 71
-8 107 71
-8 106 71
-8 110 70
-6 108 70
-7 107 69
-4 110 67
-2 108 66
0 105 64
-1 106 63
2 106 61
2 107 60
2 102 58
7 99 57
7 94 56
7 89 56
6 85 55
0 83 55
-6 80 56
-9 82 56
-13 85 57
-17 88 58
-21 91 60
-26 93 62
-30 96 64
-35 97 66
-36 93 69
-36 90 71
-35 87 74
-33 86 77
-30 89 80
-27 92 82
-25 95 85
-25 100 88
-23 102 90
-27 100 93
-31 102 96
-28 104 99
-25 105 102
-27 106 105
-25 108 108
-26 108 112
-28 108 116
-29 105 120
-31 102 125
-33 99 129
-35 96 134
-36 94 139
-34 91 145
-33 89 150
-32 87 155
-29 89 160
-30 93 165
-35 93 170
-31 93 174
-35 91 178
-38 87 182
-42 84 186
-38 83 188
-38 84 191
-39 87 193
-40 91 194
-41 93 195
-42 97 195
-40 99 195
-37 100 194
-34 99 193
-31 98 191
-32 96 189
-31 94 186
-27 97 183
-27 96 180
-25 100 177
-22 98 174
-20 102 170
-17 105 167
-16 106 164
-8 106 161
-4 102 159
0 99 156
1 99 154
0 98 153
-1 97 152
-5 95 152
-10 93 152
-16 92 153
-20 93 154
-24 95 156
-28 95 159
-32 94 162
-33 93 167
-32 92 171
-37 95 176
-38 101 179
-39 107 181
-43 111 182
-45 111 181
-42 113 180
-43 112 177
-44 109 173
-45 106 169
-42 107 164
-43 102 158
-40 100 152
-33 97 146
-26 95 140
-21 91 133
-14 93 127
-9 98 123
-5 104 121
0 109 120
2 113 121
-1 116 122
0 120 125
2 121 128
0 120 132
1 121 136
2 120 141
3 119 145
6 118 150
5 116 155
7 115 160
10 111 164
13 111 169
11 110 173
10 110 178
14 108 182
9 105 187
3 96 191
0 89 196
-1 86 201
0 83 206
-1 75 210
-4 57 214
-5 43 215
-6 34 215
-2 27 213
1 22 210
-1 20 206
-4 17 201
-4 12 195
-3 12 188
-9 8 181
-7 8 173
-7 10 165
-5 9 157
-9 9 148
-7 10 140
-7 6 132
-11 6 123
-8 4 115
-10 1 107
-6 0 99
-5 1 92
-2 -5 84
0 -4 77
-5 6 70
-5 19 64
-7 35 58
-8 47 52
-12 58 46
-14 63 41
-14 56 36
-13 50 32
-10 45 28
-8 32 24
-5 21 21
-5 10 18
-8 -1 15
-7 -12 12
-7 -23 10
-6 -26 8
-5 -24 6
-4 -19 4
-4 -9 3
-4 2 2
-6 14 1
-6 19 0
-5 26 0
-3 33 -1
-5 44 -1
-4 51 -2
-2 61 -2
-1 67 -2
-1 72 -3
-3 72 -3
-2 69 -3
-2 60 -3
2 54 -2
1 42 -2
0 29 -2
-2 17 -2
-6 3 -2
-9 -7 -1
-9 -7 -1
-6 -6 -1
-8 0 -1
-10 4 -1
-7 14 0
-6 28 0
-7 35 0
-9 41 0
-13 52 0
-11 55 0
-8 61 0
-7 64 0
-9 58 0
-5 54 1
-3 42 1
-1 30 1
-4 19 2
-1 16 2
-3 6 2
-6 -5 2
-7 -8 2
-9 -10 2
-5 -13 3
-6 -9 3
-7 -1 3
-5 6 3
-8 16 3
-4 22 3
-6 30 4
-5 40 4
-4 53 4
-4 56 4
-3 63 4
-4 65 4
-5 61 4
-5 47 4
-4 40 4
-3 26 4
-7 19 4
-5 17 4
-6 5 4
-8 -6 3
-7 -12 3
-7 -11 3
-5 -6 3
-4 3 3
-6 12 3
-6 18 3
-5 25 3
-6 34 3
-6 39 3
-5 50 3
-4 60 3
-2 64 3
-2 66 3
-2 60 3
-3 46 3
-2 31 3
0 20 3
5 12 3
2 3 3
-3 -5 3
-5 -16 3
-7 -17 3
-7 -14 3
-5 -6 3
-8 2 4
-6 12 4
-8 19 4
-3 27 4
-3 33 5
0 41 5
0 51 5
2 55 5
0 53 5
-4 47 5
0 37 5
-4 25 5
-1 16 5
0 12 4
0 1 4
-4 -9 4
-9 -14 4
-7 -16 4
-9 -10 4
-9 0 5
-9 7 5
-9 22 5
-5 29 5
-5 37 5
-5 42 5
-3 47 5
0 55 5
0 59 5
-4 55 5
-6 44 5
-10 31 5
-19 22 5
-15 15 5
-15 2 4
-13 -3 4
-11 -14 4
-11 -17 4
-12 -16 5
-13 -11 5
-12 -2 5
-13 7 5
-12 19 5
-13 30 6
-9 42 6
-9 43 6
-6 47 6
-6 53 6
-5 56 6
-7 56 6
-6 50 6
-10 38 6
-10 22 6
-15 8 6
-11 -3 6
-15 -11 6
-14 -14 6
-13 -13 6
-14 -8 6
-16 1 6
-11 11 7
-11 22 7
-6 29 7
-3 36 7
-4 46 7
-2 49 7
1 59 7
3 65 7
2 69 7
2 68 7
0 56 7
0 49 7
-3 36 6
-7 23 6
-9 10 6
-12 -2 6
-18 -12 5
-16 -15 5
-14 -14 5
-10 -15 5
-11 -16 5
-5 -12 6
-3 -9 6
-6 -2 6
-2 11 6
-2 18 7
-1 25 7
-4 36 7
-1 43 7
0 52 7
1 58 7
1 62 7
-1 61 8
3 59 8
0 56 8
4 53 8
6 52 8
8 51 8
7 48 8
5 46 8
4 43 9
-3 39 10
-11 33 13
-11 28 17
-8 24 23
-7 21 30
-8 17 39
-8 13 47
-6 10 56
-6 7 66
-7 7 75
-2 8 84
-5 11 93
-8 13 101
-8 18 109
-9 20 117
-10 17 124
-4 14 131
-7 15 137
-4 11 143
-3 4 148
-10 7 153
-5 18 158
-1 34 162
12 60 166
13 63 170
11 68 173
9 58 176
3 38 179
-2 10 181
-11 3 184
0 -4 185
-2 -5 187
-5 -3 188
-8 3 189
-6 12 190
-7 24 191
-3 31 191
-4 37 192
-7 47 192
-6 58 192
-6 60 192
-8 66 192
-7 63 193
-11 56 193
-8 38 193
-10 21 193
-13 9 193
-15 -4 192
-17 -9 192
-15 -16 192
-14 -13 191
-9 -10 191
-8 -1 190
-5 9 190
-6 17 189
-6 25 188
0 31 188
-3 41 187
0 48 187
0 57 186
0 62 186
-3 60 186
-7 45 185
-10 31 185
-13 12 185
-15 6 185
-11 -6 184
-12 -11 184
-6 -18 184
-8 -16 184
-5 -11 183
-5 1 183
-2 12 182
-3 25 182
0 33 182
-2 40 181
1 45 181
0 49 181
0 55 181
0 55 181
-8 49 181
-9 32 181
-12 17 181
-11 2 181
-13 -5 181
-12 -8 181
-7 -14 181
-6 -14 180
-6 -7 180
-3 0 180
-8 14 179
-4 23 179
0 31 178
4 39 178
2 45 178
0 47 177
0 51 177
-3 51 176
-3 49 176
-8 41 176
-7 33 176
-12 22 175
-12 7 175
-7 0 175
-7 -8 175
-6 -9 175
-4 -5 174
-2 3 174
-7 10 174
-10 17 173
-11 26 173
-7 34 173
-10 41 172
-9 45 172
-11 45 172
-15 45 171
-15 37 171
-15 31 171
-8 15 171
-13 10 170
-9 0 170
-7 -7 170
-2 -13 170
-4 -14 170
0 -4 169
2 0 169
-2 12 169
-4 24 169
-4 33 168
-4 38 168
-7 43 168
-7 44 168
-6 45 168
-2 44 168
6 33 168
11 23 168
5 15 168
-3 3 168
-9 -5 168
-11 -13 168
-10 -16 168
-9 -11 168
-5 -1 168
-4 6 168
0 17 168
-1 23 168
-5 31 168
-5 38 167
-3 41 167
-2 41 167
-3 43 167
-7 42 167
-4 31 167
-4 15 167
-11 2 167
-11 -3 167
-7 -7 167
-6 -6 167
1 -3 167
0 2 168
-1 5 168
-7 15 168
-11 21 168
-12 31 167
-14 41 168
-16 46 168
-13 49 168
-12 51 168
-15 48 168
-12 41 168
-11 27 169
-13 10 169
-14 -3 169
-9 -9 170
-6 -12 170
-7 -12 170
-5 -7 170
-4 2 170
-5 8 170
-7 14 170
-8 20 170
-10 31 170
-10 39 170
-10 48 170
-6 54 171
-6 53 171
-8 48 171
-9 32 171
-11 16 171
-17 7 171
-14 -3 171
-18 -9 171
-15 -10 171
-13 -7 171
-11 -6 171
-13 1 171
-10 4 171
-13 10 171
-12 12 171
-14 19 171
-11 22 171
-12 25 171
-7 28 171
-6 35 171
-3 39 171
-5 39 171
-3 37 171
0 37 171
0 35 171
-1 34 171
0 33 171
-1 33 171
-1 31 170
-4 29 169
-8 27 168
-11 24 167
-12 22 165
-14 21 162
-10 19 159
-6 17 155
-10 19 151
-6 18 147
-4 16 142
-7 19 136
-3 18 130
-5 16 124
-6 12 118
-5 3 112
-3 -10 105
-7 -17 99
-2 -24 93
-1 -27 86
-2 -27 80
1 -31 74
0 -32 69
0 -29 64
-6 -20 59
-8 -7 54
-3 5 49
-5 17 45
6 26 41
6 29 37
2 35 34
2 40 30
0 44 27
4 49 24
5 48 22
1 33 19
-9 20 17
-9 5 15
-13 -3 13
-14 -7 12
-12 -11 11
-8 -13 9
-5 -14 8
-5 -12 8
-5 -10 7
-8 -2 6
-5 3 6
-6 14 6
-2 26 6
-1 36 6
2 42 6
5 47 6
3 48 6
7 52 6
8 53 6
1 55 7
-1 51 7
-8 37 7
-11 21 7
-16 3 7
-16 -3 7
-11 -10 7
-8 -14 8
-6 -14 8
-4 -12 8
-3 -5 9
0 0 9
-3 6 10
-2 12 10
-2 22 11
-1 33 11
4 43 12
5 54 12
8 62 12
8 64 13
4 57 13
0 52 13
-7 40 13
-11 30 13
-17 14 13
-15 -1 14
-14 -8 14
-12 -12 14
-10 -16 14
-9 -13 14
-1 -6 14
-6 1 14
-7 8 15
-4 18 15
-2 28 15
0 34 16
-3 40 16
0 45 16
0 53 16
0 54 16
-2 49 16
-13 36 16
-17 18 16
-21 -3 16
-18 -12 16
-15 -16 16
-9 -17 16
-7 -14 17
-5 -9 17
-10 0 17
-5 7 17
-9 17 18
-6 26 18
-5 33 19
-3 40 19
-3 47 19
0 56 20
4 61 20
5 66 20
3 60 20
-3 54 21
-10 41 21
-13 24 21
-17 8 21
-14 -5 21
-9 -13 21
-7 -16 21
-8 -11 21
-4 -7 21
-6 0 21
-6 8 21
-6 17 22
-3 23 22
-2 32 22
1 38 22
3 48 22
3 54 22
2 55 22
0 49 22
-2 42 22
-3 25 22
-10 12 21
-8 0 21
-12 -6 21
-9 -8 21
-9 -3 21
-5 0 21
-4 7 22
-3 15 22
1 24 22
0 31 22
-2 38 22
-5 44 22
-3 48 22
-3 47 22
-9 40 21
-12 25 21
-11 14 21
-16 -1 21
-13 -10 21
-11 -13 21
-10 -13 21
-7 -10 21
-9 -5 21
-9 -3 22
-7 1 22
-6 9 22
-9 20 22
-6 28 22
-9 38 22
-4 46 23
-3 50 23
-4 51 23
-6 44 23
-14 33 23
-13 15 23
-15 -2 23
-12 -9 23
-6 -15 23
-4 -16 23
-3 -14 23
0 -8 23
-4 0 24
0 7 24
-2 14 24
0 21 24
-4 27 25
-7 31 25
-9 39 25
-5 43 25
-3 45 25
-2 42 25
-7 38 24
-15 29 24
-17 9 24
-21 -6 24
-19 -16 24
-16 -16 24
-11 -13 24
-11 -6 24
-8 -3 24
-10 5 24
-2 15 24
3 22 24
3 25 24
-1 32 24
-4 36 24
-6 41 24
-3 44 24
-3 41 23
0 43 23
1 44 22
4 41 22
2 42 21
2 38 21
5 38 20
9 38 20
9 34 19
8 32 19
2 35 18
2 35 18
5 34 18
7 33 18
8 32 18
5 30 18
2 31 19
5 29 21
7 26 26
8 23 31
10 22 39
11 21 47
10 20 55
10 17 64
8 12 74
5 7 83
7 -5 92
5 -18 101
4 -27 109
3 -32 117
0 -32 124
-2 -29 131
-1 -19 137
-4 -7 142
1 3 147
-4 16 152
0 29 156
1 42 160
6 51 163
11 63 166
19 69 169
19 72 172
16 69 174
12 57 175
-1 41 177
-4 20 178
-16 3 180
-8 -6 181
-8 -9 182
-4 -13 182
-5 -8 183
-5 0 183
-8 15 184
-11 29 184
-10 37 184
-6 46 184
-1 50 184
6 59 184
11 63 183
11 65 183
8 61 183
-1 44 183
-9 29 182
-15 11 182
-14 -1 181
-10 -10 181
-10 -11 180
-7 -6 180
-4 0 179
-5 8 178
-1 17 177
0 24 177
5 31 176
3 40 175
4 44 174
6 51 174
5 55 173
2 52 172
-7 42 172
-16 34 171
-15 21 171
-17 13 170
-13 4 170
-9 -4 169
-6 -7 169
-8 -1 169
-6 3 169
-6 10 168
-5 20 168
-3 29 168
-5 42 168
-6 48 167
-5 50 167
-3 54 167
-5 50 167
-13 41 167
-14 33 168
-18 25 168
-15 15 168
-13 3 168
-9 -5 169
-8 -10 169
-9 -7 169
-7 2 170
-5 12 170
-3 23 170
-3 31 170
-4 38 170
-9 44 170
-8 45 171
-9 50 171
-8 50 171
-13 39 171
-13 29 172
-12 13 172
-13 5 172
-9 -3 172
-7 -5 172
-6 -1 172
-1 3 172
-5 16 172
-7 29 172
0 39 172
-1 47 172
-5 52 172
-6 52 172
-4 51 172
-9 45 172
-9 38 172
-4 24 172
-10 13 173
-10 8 173
-8 0 172
-5 -3 172
-4 -1 172
0 0 172
-7 8 172
-7 18 172
-3 30 172
-1 39 171
-2 41 171
-8 46 171
-8 42 171
-13 39 171
-14 26 171
-12 14 171
-11 6 171
-13 1 171
-12 0 171
-9 -3 171
-4 -6 171
-3 -5 170
-5 0 170
-2 5 170
-7 13 170
-6 21 170
-9 31 171
-7 38 171
-8 48 171
-4 51 171
-2 53 172
-1 51 172
-7 38 173
-14 30 173
-13 14 174
-10 7 175
-8 3 175
-11 2 176
-6 4 176
-7 10 177
-4 17 177
-3 23 177
-4 31 178
-7 36 178
-13 41 178
-13 42 179
-9 42 179
-14 40 179
-11 37 180
-11 31 180
-8 21 180
-10 7 181
-13 1 181
-10 -3 181
-9 -3 182
-11 -2 182
-6 -2 182
-8 3 182
-4 7 183
-2 9 183
-4 17 183
-3 19 184
-5 24 184
0 26 184
0 30 185
2 31 185
5 30 185
6 27 186
9 26 186
9 23 186
5 25 186
7 22 186
1 20 186
-4 20 186
-5 16 185
-9 13 184
-3 10 182
-6 8 180
-8 5 178
-4 4 175
2 2 171
0 3 168
3 0 163
0 1 159
3 0 154
2 1 148
-1 1 142
2 -3 136
0 -1 130
-2 0 124
-3 -3 117
-5 0 110
-2 -3 104
-1 -7 97
-3 -7 90
-2 -11 84
0 -18 78
-4 -19 71
-7 -18 65
-5 -12 60
-2 -1 54
-2 8 49
-4 21 44
0 33 40
5 41 35
7 52 32
4 59 28
7 62 25
7 64 22
5 62 19
2 56 17
-2 41 15
-7 27 13
-10 11 12
-16 -5 10
-17 -13 9
-18 -17 8
-15 -17 7
-12 -14 6
-7 -12 5
-4 -5 4
-4 -2 4
-1 8 3
2 17 3
2 26 2
3 33 2
0 41 2
-1 46 2
0 53 2
1 57 2
0 54 2
-2 38 3
-11 21 3
-19 3 3
-18 -8 4
-14 -14 4
-6 -19 4
-3 -20 4
0 -17 5
0 -11 5
-4 0 5
-6 3 5
-9 10 5
-6 19 5
-5 27 5
-3 35 5
-2 46 5
0 49 5
2 51 5
1 49 6
-6 45 6
-11 32 6
-11 19 6
-14 2 7
-9 -8 7
-6 -11 7
-4 -11 7
-2 -7 7
-2 0 7
1 4 7
0 13 7
0 19 7
-2 30 7
-6 36 7
-9 45 7
-13 47 7
-12 49 8
-14 49 8
-19 41 8
-20 37 8
-15 25 9
-18 19 9
-14 7 9
-10 -2 10
-5 -9 10
-6 -7 10
-6 -2 10
-4 8 10
-2 17 10
-7 26 10
-12 35 10
-14 46 10
-11 50 10
-12 54 10
-11 52 10
-12 47 10
-14 35 9
-10 23 9
-12 10 9
-9 2 9
-5 -8 9
-2 -13 9
0 -13 8
-1 -8 8
-6 0 8
-8 6 8
-8 13 7
-8 22 7
-11 29 7
-13 31 7
-19 33 6
-18 26 6
-20 26 6
-17 17 5
-20 12 5
-12 0 5
-12 -6 5
-6 -10 4
-5 -10 4
-6 -5 4
-4 -3 4
-10 4 3
-9 8 3
-9 14 3
-10 18 3
-11 21 3
-13 28 3
-11 31 3
-13 39 3
-13 44 3
-11 39 3
-19 32 3
-19 23 3
-26 13 4
-17 1 4
-15 -4 4
-12 -4 4
-11 -1 5
-7 2 5
-13 16 5
-3 25 5
-4 32 5
1 35 6
0 39 6
0 38 6
0 36 7
-6 35 7
-8 27 8
-13 22 8
-14 15 9
-17 11 9
-14 7 10
-14 7 10
-15 2 10
-15 8 10
-10 12 11
-1 16 11
4 20 11
8 23 12
5 25 12
0 27 12
1 27 13
-4 28 13
0 21 14
-10 10 14
-14 4 15
-14 -1 15
-17 -3 16
-14 -3 16
-13 1 17
-8 14 17
2 25 17
16 30 18
12 24 18
11 22 19
13 22 19
10 23 19
6 23 20
9 21 20
12 21 21
16 20 21
19 17 22
17 19 22
14 19 22
10 18 23
10 14 23
11 16 24
13 15 24
9 16 24
11 15 24
14 14 25
8 14 25
6 14 25
9 14 25
9 16 25
6 17 26
9 16 26
11 19 26
12 22 26
12 19 25
12 15 25
10 10 25
7 7 24
9 4 24
10 1 23
13 4 22
17 4 22
14 5 22
14 2 21
12 -1 21
11 3 22
8 6 24
10 6 29
7 9 34
3 8 41
4 6 50
9 7 59
12 4 69
7 2 79
1 1 89
4 3 100
3 6 110
2 3 121
2 0 131
5 1 141
5 -2 150
1 -1 159
0 0 167
0 4 175
1 6 182
5 7 188
9 9 194
7 4 200
6 6 204
3 6 209
0 4 212
-4 5 215
-1 6 218
0 5 220
-2 8 222
0 5 223
-3 3 224
-7 2 225
-4 1 225
-9 3 226
-9 1 226
-8 1 226
-8 0 226
-8 -1 227
-7 0 227
-3 0 228
-1 0 229
0 0 230
1 2 231
5 4 233
5 7 235
3 9 237
0 10 238
0 8 237
5 10 234
10 8 231
8 8 226
4 7 220
0 6 213
0 8 206
2 8 198
0 10 189
3 12 180
3 15 170
7 14 161
4 15 151
6 11 142
4 15 133
3 13 124
2 16 115
0 18 107
1 15 98
4 14 91
5 11 83
2 10 77
5 12 70
1 11 64
3 7 58
3 10 52
5 8 47
2 5 42
2 0 37
4 3 33
5 7 30
8 7 26
10 4 24
10 2 22
13 1 20
10 2 21
8 3 24
5 4 28
2 3 34
0 4 42
1 1 50
2 0 59
9 0 69
8 -1 79
1 -4 89
0 -1 99
5 1 109
3 4 119
4 1 129
5 0 138
3 0 147
0 -1 156
1 -6 164
1 -2 171
3 2 178
0 2 184
2 3 189
6 3 194
2 4 199
1 1 202
0 3 206
-3 3 208
-1 6 211
-3 9 212
0 11 214
0 8 215
-5 8 216
-3 7 217
1 9 217
0 10 218
-4 5 218
-1 5 218
1 3 218
4 2 219
1 2 219
-2 4 220
0 5 220
-1 7 221
-2 11 221
-3 15 222
-5 12 223
-5 10 224
0 10 225
2 8 226
-1 6 228
-5 6 229
-3 4 231
-1 3 232
1 3 234
0 5 236
1 2 238
0 5 240
2 3 242
0 6 245
2 4 247
6 1 248
6 1 247
9 3 244
11 5 240
11 8 235
8 8 228
5 1 221
6 2 213
10 4 204
7 4 195
3 4 185
0 5 175
3 7 165
0 9 155
0 8 145
2 6 135
0 8 126
-5 8 116
-8 5 107
-9 10 98
-7 10 90
-3 10 82
0 11 75
5 13 67
8 9 61
6 6 54
3 6 49
1 6 43
-2 6 38
1 8 33
3 8 29
5 7 25
5 10 21
3 7 17
0 5 14
-3 5 11
-4 10 9
-1 9 6
2 10 4
6 13 3
4 8 1
-3 7 0
0 7 0
1 5 -1
4 4 -1
4 1 -1
2 3 -1
4 0 -1
4 3 0
2 3 0
0 5 1
1 7 3
1 3 6
3 1 12
6 1 19
2 1 27
6 1 36
11 3 46
10 0 57
5 0 68
6 2 79
11 0 90
11 0 101
10 0 113
8 1 124
4 2 135
1 4 145
-2 6 155
-1 5 165
2 5 174
3 6 183
4 5 191
7 8 199
12 8 207
14 7 214
11 9 220
10 8 227
7 7 232
8 11 238
6 11 242
8 9 247
10 9 250
6 7 254
6 4 256
4 6 259
7 3 261
6 0 262
4 4 263
8 -1 264
4 3 264
7 5 264
15 1 264
19 1 263
11 3 263
2 2 262
-2 -1 261
-3 0 259
-1 7 258
3 2 257
6 7 255
6 11 254
5 9 252
8 13 250
5 14 249
7 20 247
2 19 245
4 19 243
-1 15 241
-8 14 240
-9 10 238
-5 11 236
-2 14 235
3 15 233
0 16 232
-1 12 231
-5 9 229
-10 8 228
-6 8 227
-1 10 226
-1 15 225
1 9 225
9 8 224
1 10 224
-2 11 223
-7 10 223
-4 7 223
-2 11 223
-2 9 223
-3 11 223
-7 8 223
-9 18 223
-9 17 223
-7 17 224
-6 14 224
-5 18 224
-2 17 225
-2 21 225
-2 18 226
-4 22 226
-3 26 227
-2 24 227
-3 22 227
0 26 228
-2 26 228
-1 23 228
-5 23 228
-4 27 228
0 30 228
1 33 228
0 30 228
0 27 228
2 29 228
0 32 228
