0 0 0
-1 3 0
-1 6 0
-1 9 0
-3 12 0
-2 15 0
-3 11 0
-3 15 0
-1 12 0
-4 15 0
-3 12 0
-3 16 0
-3 12 0
-2 15 0
-3 12 0
0 12 0
-2 14 0
-1 11 0
0 14 0
-2 12 0
0 16 0
-2 13 0
0 14 0
-1 11 0
0 14 0
-1 11 0
0 13 0
0 10 0
3 7 0
0 11 0
-2 10 0
0 10 0
-2 12 0
1 11 0
-1 12 0
0 10 0
0 13 0
-2 10 0
0 12 0
-3 11 0
0 11 0
-2 9 0
0 11 0
-2 10 0
0 11 0
-2 9 0
0 9 0
-1 11 0
0 8 0
-2 14 0
-2 13 0
0 10 0
-2 7 0
-1 11 0
-1 14 0
-1 11 0
1 9 1
0 12 1
0 8 1
0 12 1
-2 15 1
-1 11 1
2 12 1
0 11 1
1 10 1
0 13 1
-4 13 1
-4 17 1
0 14 1
-4 15 1
-4 19 1
1 18 1
6 17 1
2 18 2
4 15 2
6 19 2
9 18 3
15 20 3
14 24 3
16 21 4
10 19 4
13 23 4
9 26 5
0 28 5
-7 28 5
-22 30 5
-37 29 5
-58 44 5
-69 92 5
-53 143 2
-37 151 0
-22 156 -6
-8 157 -13
-6 159 -21
-2 160 -30
-2 162 -39
-6 160 -49
-12 158 -60
-27 156 -70
-47 153 -80
-70 143 -90
-80 37 -98
-50 0 -105
-29 -1 -109
-19 0 -110
-13 1 -110
-12 0 -107
-11 -1 -104
-7 -2 -99
-4 -2 -93
-5 -1 -87
-3 -3 -80
-4 0 -73
-4 5 -66
-5 8 -58
-5 11 -51
-4 13 -44
-2 16 -38
-5 16 -31
-3 15 -25
-4 10 -20
-4 8 -15
-4 6 -10
-5 5 -5
-8 5 -2
-3 8 1
-1 10 4
1 11 7
4 12 9
2 14 11
0 15 13
-2 17 15
-4 13 16
-1 13 17
0 9 18
0 9 19
3 9 19
6 10 20
9 9 20
5 10 20
7 6 20
4 6 20
2 7 21
-1 8 21
-18 8 21
-43 12 20
-66 24 20
-76 113 19
-54 157 16
-15 165 12
3 167 5
4 168 -2
5 168 -12
4 166 -22
3 165 -33
1 163 -44
0 161 -55
-3 158 -67
-8 156 -78
-20 152 -88
-36 152 -98
-57 148 -108
-77 91 -116
-63 14 -122
-45 4 -126
-32 1 -127
-27 1 -126
-21 2 -122
-17 5 -118
-14 8 -112
-10 9 -105
-6 12 -97
-4 16 -89
-4 13 -80
-9 11 -72
-10 6 -63
-8 4 -55
-10 3 -47
-13 3 -40
-10 2 -32
-4 5 -26
-3 8 -19
-4 10 -13
-4 12 -8
-7 15 -3
-5 18 0
-8 15 4
-7 12 8
-4 8 11
-4 5 14
-2 5 16
0 9 18
1 6 20
4 4 21
3 8 22
1 10 23
-2 11 24
-16 9 25
-37 12 25
-63 24 25
-73 124 25
-41 159 22
-3 169 18
-1 166 11
0 166 3
-3 167 -6
-6 168 -16
-7 165 -27
-8 162 -39
-13 160 -50
-17 159 -62
-22 156 -73
-39 150 -83
-57 142 -93
-74 88 -102
-54 13 -109
-26 2 -113
-13 2 -114
-7 3 -114
-4 2 -111
-5 1 -107
-4 4 -102
-4 8 -95
-6 11 -88
-5 13 -80
-6 16 -72
-2 17 -64
-3 20 -56
-7 17 -49
-7 12 -41
-6 10 -34
-6 9 -27
-9 9 -20
-7 7 -14
-4 11 -9
-4 13 -4
-2 15 0
1 13 4
-1 14 8
-3 16 11
-7 15 14
-6 10 16
-5 6 18
-3 6 20
-1 7 22
1 7 23
2 6 24
1 11 25
2 13 26
-7 14 26
-16 13 26
-32 11 27
-55 17 27
-76 55 26
-57 151 25
-29 159 22
-11 164 16
-8 162 9
-7 165 0
-8 169 -8
-8 165 -19
-8 163 -29
-9 161 -41
-12 159 -52
-16 156 -62
-26 154 -73
-41 147 -83
-64 136 -92
-77 51 -100
-46 -1 -105
-34 -1 -109
-27 0 -109
-19 0 -108
-15 0 -104
-12 0 -99
-10 2 -93
-10 5 -87
-9 7 -79
-6 10 -71
-4 12 -63
-5 15 -55
-11 14 -47
-14 10 -39
-14 8 -32
-13 7 -25
-15 7 -18
-15 7 -12
-8 8 -6
-4 11 -1
-2 16 3
-1 16 7
0 15 11
0 17 14
-3 18 17
-6 12 20
-6 6 22
-5 3 24
-4 3 25
0 6 27
3 9 28
7 10 29
10 13 29
11 15 30
6 15 31
0 9 31
-10 3 31
-35 4 32
-60 6 32
-75 132 31
-48 152 29
-16 158 25
-12 160 19
-11 162 11
-13 164 2
-12 162 -6
-14 161 -16
-18 161 -27
-25 159 -37
-33 158 -48
-47 151 -58
-65 142 -67
-75 29 -75
-55 0 -82
-43 -3 -85
-32 -5 -86
-24 -7 -85
-14 -10 -82
-9 -9 -78
-8 -5 -73
-9 -1 -67
-9 2 -60
-7 5 -53
-6 10 -46
-3 8 -39
-8 7 -32
-7 4 -25
-6 2 -18
-7 1 -12
-9 4 -6
-7 3 0
-1 5 4
0 7 8
2 8 13
2 9 16
4 12 19
6 15 22
6 13 25
7 13 27
5 10 29
4 10 30
6 9 32
6 9 34
7 7 36
5 6 37
5 5 40
6 3 42
6 2 45
7 1 48
7 0 51
7 -1 54
6 0 58
6 1 62
3 2 66
3 1 71
1 0 75
0 -2 80
0 -4 86
0 -3 91
-1 -2 97
-3 -1 103
-4 1 109
-5 3 115
-2 6 121
-3 8 128
-2 10 134
-2 11 140
-1 13 146
0 11 152
-4 12 157
-3 9 163
-2 8 168
-2 6 172
0 4 177
0 8 181
1 10 185
2 13 188
4 13 192
0 9 195
-12 8 197
-31 9 200
-61 24 201
-70 47 203
-71 109 203
-51 147 202
-35 152 200
-16 159 195
-15 157 190
-13 156 183
-12 156 176
-13 159 168
-11 157 159
-13 155 150
-12 156 142
-23 153 133
-33 151 125
-51 145 118
-65 135 110
-78 84 104
-59 7 100
-32 -2 96
-12 -4 94
-5 -4 94
-3 -3 94
0 0 96
0 3 98
-1 5 100
0 8 103
-2 8 107
-1 12 110
-3 8 114
-4 4 117
-3 2 121
-2 1 125
0 3 128
3 0 131
7 1 135
5 5 138
2 7 141
1 9 143
0 9 146
3 10 148
2 14 150
4 10 152
0 9 154
-1 6 156
-3 5 157
-8 5 159
-15 5 160
-20 4 161
-46 7 162
-75 8 162
-79 171 163
-61 175 163
-59 172 163
-55 169 163
-58 175 163
-58 -178 163
-62 -179 162
-61 -179 161
-61 179 160
-64 -179 159
-69 170 157
-69 168 156
-67 167 155
-65 165 154
-69 162 153
-79 148 153
-79 18 152
-57 2 148
-38 -5 143
-23 -7 135
-10 -8 126
-5 -7 116
-5 -6 105
1 -3 94
0 2 83
0 7 72
3 11 61
1 18 50
4 23 39
2 23 29
5 18 20
6 14 11
6 10 2
5 5 -4
7 4 -11
4 6 -17
2 2 -23
3 4 -28
1 6 -32
1 9 -36
-3 11 -38
-1 14 -41
-3 17 -43
-4 12 -44
-4 8 -45
-4 2 -46
-10 -1 -46
-16 -8 -46
-28 -13 -46
-45 -15 -45
-66 -25 -45
-78 -46 -44
-79 174 -43
-55 154 -41
-40 149 -38
-33 147 -36
-29 153 -33
-30 153 -30
-34 155 -27
-37 156 -24
-39 161 -22
-37 157 -19
-37 154 -17
-40 153 -15
-45 152 -13
-55 159 -11
-66 156 -10
-76 176 -9
-80 -100 -8
-68 -39 -8
-52 -29 -11
-44 -24 -15
-35 -21 -21
-28 -14 -28
-22 -8 -35
-17 -2 -44
-13 3 -52
-13 4 -61
-12 10 -70
-10 15 -79
-6 12 -87
-3 5 -95
-2 4 -103
-6 6 -110
-3 6 -117
-1 2 -123
0 1 -128
0 4 -133
1 6 -137
-2 7 -141
-5 6 -145
-2 12 -148
-3 13 -150
-4 9 -152
-4 5 -154
-2 3 -155
-4 1 -157
-15 -2 -158
-28 -5 -158
-40 -10 -159
-55 -16 -159
-75 -53 -159
-77 -133 -159
-62 -165 -157
-49 -178 -153
-33 171 -147
-15 174 -140
-9 172 -132
-8 170 -124
-10 170 -115
-11 173 -105
-13 171 -96
-12 169 -87
-12 166 -78
-15 164 -69
-24 163 -61
-32 162 -53
-50 164 -46
-70 172 -39
-83 -69 -33
-61 -25 -29
-45 -16 -28
-38 -12 -29
-31 -9 -31
-25 -3 -35
-19 1 -40
-11 5 -46
-3 6 -53
-2 8 -60
-2 13 -67
1 10 -75
1 6 -83
2 2 -90
4 1 -97
5 0 -104
8 2 -110
9 -1 -117
5 1 -122
3 3 -127
1 4 -132
0 5 -136
-3 4 -140
-2 7 -143
0 4 -145
-3 0 -148
-4 -2 -150
-3 -4 -151
-19 -5 -153
-38 -7 -154
-61 -14 -155
-85 -70 -156
-66 171 -156
-54 167 -153
-33 162 -148
-13 155 -142
-5 149 -134
-8 150 -126
-9 154 -116
-13 155 -107
-17 157 -97
-20 157 -88
-21 162 -78
-26 160 -69
-34 159 -60
-45 158 -52
-57 156 -44
-67 145 -36
-80 107 -29
-71 8 -21
-54 -3 -14
-38 -5 -6
-22 -2 2
-21 -2 10
-18 -1 18
-18 -1 27
-14 -3 35
-12 1 42
-12 6 50
-10 9 57
-13 10 63
-10 13 69
-12 17 74
-13 14 79
-11 8 84
-11 7 88
-10 5 92
-8 5 96
-7 8 99
-6 5 102
-9 8 104
-12 9 106
-13 10 108
-16 12 110
-13 13 112
-10 11 113
-8 9 114
-7 13 115
-7 7 116
-8 5 117
-8 10 118
-4 8 118
-9 10 119
-8 7 119
-10 7 120
-11 4 121
-8 1 121
-11 3 122
-13 6 123
-15 4 124
-19 6 124
-23 8 125
-26 8 126
-25 12 126
-24 16 126
-23 18 126
-24 22 125
-24 24 124
-23 25 122
-23 24 120
-23 22 117
-22 21 114
-22 21 110
-21 19 106
-20 19 101
-17 17 95
-14 16 89
-11 14 83
-7 13 75
-6 15 68
-2 8 60
0 6 52
1 8 44
-3 4 36
-5 1 28
-12 1 20
-20 -2 13
-28 -4 5
-41 -6 -1
-57 -6 -7
-74 -11 -13
-79 165 -20
-56 162 -28
-36 151 -38
-22 146 -50
-16 148 -62
-12 150 -76
-12 149 -89
-12 153 -103
-14 157 -117
-16 154 -131
-16 155 -144
-16 154 -156
-34 157 -168
-44 158 -179
-58 157 -189
-77 150 -197
-81 -25 -205
-60 -19 -212
-41 -17 -218
-27 -13 -224
-22 -10 -228
-21 -9 -232
-16 -3 -235
-11 1 -238
-11 3 -240
-13 1 -242
-15 1 -243
-17 5 -245
-15 8 -245
-13 5 -246
-11 0 -246
-10 0 -246
-8 0 -246
-10 -1 -246
-9 -4 -245
-6 -3 -245
-8 0 -244
-10 0 -243
-11 0 -242
-13 0 -241
-12 2 -240
-12 4 -239
-17 7 -238
-18 3 -237
-16 1 -236
-18 1 -236
-23 3 -235
-20 3 -234
-17 6 -234
-14 7 -233
-18 7 -233
-29 5 -232
-62 -3 -232
-88 -28 -232
-62 164 -233
-32 165 -235
-17 162 -240
-19 162 -247
-19 162 -256
-23 167 -265
-24 164 -276
-23 164 -287
-22 161 -298
-33 161 -309
-53 159 -320
-78 153 -331
-67 -9 -341
-42 -7 -350
-28 -7 -358
-22 -4 -366
-20 -3 -372
-19 -6 -378
-16 0 -383
-16 2 -388
-14 5 -391
-15 6 -394
-18 4 -397
-16 7 -398
-13 5 -400
-16 1 -401
-13 -3 -402
-12 -3 -402
-10 1 -402
-8 4 -402
-5 2 -402
-2 0 -401
-3 4 -401
-6 5 -400
-8 4 -399
-11 2 -398
-12 5 -397
-11 6 -396
-7 -1 -395
-9 -2 -394
-9 -3 -393
-11 -2 -392
-15 -1 -391
-12 3 -390
-8 4 -389
-7 7 -388
-10 8 -388
-24 4 -387
-53 3 -387
-81 69 -387
-65 149 -388
-40 154 -391
-25 153 -397
-23 151 -404
-24 154 -413
-26 157 -423
-29 161 -433
-32 160 -444
-31 159 -455
-34 157 -466
-46 157 -477
-63 153 -488
-86 78 -497
-64 -9 -505
-47 -11 -510
-35 -10 -513
-27 -7 -513
-22 -6 -511
-12 -5 -507
-11 0 -502
-8 3 -497
-4 5 -490
-7 6 -483
-11 9 -476
-13 12 -468
-12 9 -461
-10 5 -454
-10 3 -447
-9 4 -440
-6 7 -433
-3 8 -427
-4 5 -421
-4 8 -416
-6 9 -411
-8 9 -406
-10 8 -402
-10 10 -398
-7 9 -394
-12 5 -391
-11 1 -388
-11 0 -386
-13 0 -384
-17 3 -382
-15 3 -380
-15 8 -379
-17 12 -378
-21 14 -377
-28 15 -376
-46 14 -376
-72 27 -376
-74 151 -377
-48 160 -380
-33 160 -385
-25 159 -392
-23 158 -401
-24 161 -411
-26 163 -421
-29 161 -433
-37 159 -444
-54 158 -455
-71 166 -466
-82 -1 -477
-60 -7 -487
-48 -6 -497
-40 -6 -506
-33 -5 -514
-28 -3 -521
-22 -6 -528
-13 0 -533
-11 1 -538
-8 5 -543
-8 7 -547
-5 8 -550
-9 11 -553
-12 10 -555
-13 6 -557
-13 0 -558
-14 0 -559
-14 -1 -560
-11 1 -560
-8 1 -560
-4 0 -559
-6 3 -559
-8 4 -558
-10 3 -557
-13 2 -556
-14 4 -555
-17 1 -554
-24 3 -552
-24 1 -551
-20 0 -550
-19 1 -548
-19 2 -547
-16 6 -546
-13 11 -545
-9 13 -544
-9 14 -543
-19 11 -542
-50 9 -541
-79 100 -541
-56 144 -541
-33 150 -541
-29 151 -543
-26 154 -545
-29 154 -548
-30 160 -552
-35 159 -556
-38 157 -560
-51 154 -565
-66 150 -569
-85 54 -573
-66 5 -575
-49 -1 -575
-34 -1 -572
-21 -1 -568
-16 -1 -563
-17 -1 -556
-15 -2 -549
-15 2 -541
-14 7 -532
-13 10 -524
-15 11 -515
-11 12 -507
-12 17 -499
-11 14 -491
-12 17 -484
-10 14 -477
-9 13 -471
-8 11 -465
-5 12 -459
-6 8 -454
-9 11 -449
-12 11 -445
-14 13 -442
-13 15 -438
-9 17 -435
-10 19 -432
-10 15 -430
-11 20 -428
-10 14 -427
-11 11 -425
-10 9 -424
-14 7 -423
-15 4 -422
-11 7 -422
-8 6 -421
-7 9 -421
-4 8 -421
-7 14 -421
-7 14 -421
-7 9 -420
-10 10 -420
-12 12 -420
-11 8 -420
-8 6 -420
-8 10 -420
-10 13 -420
-10 15 -419
-9 12 -419
-6 14 -419
-9 16 -419
-6 16 -418
-7 12 -418
-4 10 -418
-2 13 -418
-4 12 -418
-3 11 -417
7 13 -417
14 27 -417
7 24 -417
0 18 -417
-5 14 -417
-5 10 -417
-7 11 -417
-1 12 -417
-4 11 -417
-1 13 -417
-3 11 -417
-2 14 -416
-4 12 -416
-1 11 -416
1 13 -416
-1 11 -415
