0 0 0
-1 3 0
-4 3 0
-6 6 0
-4 3 0
-3 6 0
-3 3 0
0 4 0
-2 2 0
0 3 0
-2 4 0
-3 0 0
-3 4 0
-5 1 0
-3 6 0
-4 6 0
-2 3 0
1 2 0
-1 3 0
-1 0 0
-2 3 0
0 6 0
-2 4 1
0 2 1
-3 3 1
0 1 1
-2 4 0
0 2 1
-3 2 1
0 3 1
-3 3 1
0 3 1
-3 5 0
-1 3 0
-4 5 0
-2 4 0
0 1 0
-2 4 0
0 1 0
-1 4 0
-1 1 0
-2 5 0
-1 2 0
-2 5 0
0 2 0
-3 4 0
0 4 1
-3 5 0
-1 2 1
-2 6 1
-1 2 1
-1 6 0
-1 3 1
-3 6 1
-1 2 1
-2 4 1
0 2 1
-1 5 1
0 2 1
-2 5 1
0 6 1
-1 3 1
-1 0 1
-1 3 1
0 6 1
-2 3 1
-1 6 1
-1 3 1
-1 6 1
-1 3 2
-2 6 2
-1 3 2
0 6 2
-1 2 2
0 6 2
0 4 2
-4 3 2
0 5 2
-4 3 2
0 2 2
-2 5 2
0 2 2
-3 4 2
0 2 2
-2 5 2
-1 2 2
0 5 2
-2 2 2
-2 6 2
-1 3 2
-1 6 2
-1 3 2
-2 6 2
-1 3 3
2 0 2
1 0 2
0 2 3
-2 5 2
-1 2 3
-1 5 2
-1 2 3
-1 5 3
-1 2 3
0 5 3
-2 3 3
0 4 3
-2 3 3
0 3 3
-2 4 3
0 5 3
-1 2 3
-1 6 3
-2 2 3
0 5 3
-2 2 3
-1 4 3
0 1 3
-1 4 3
1 4 3
-1 3 3
0 0 3
-1 3 3
1 2 3
-1 3 3
1 5 3
0 2 3
-3 4 3
0 3 3
-2 5 3
0 2 3
-3 5 3
0 3 3
-1 6 3
-1 2 4
-3 6 3
-2 3 4
1 2 4
-1 3 4
1 2 4
-1 3 4
1 3 4
-1 4 4
1 2 4
-1 2 4
-1 6 4
-2 3 4
0 5 4
-1 1 4
-1 5 4
-1 1 4
-2 5 4
-1 2 4
-2 5 4
0 2 4
-2 5 4
-1 3 4
-1 0 4
-1 3 4
-3 0 4
0 3 4
-4 4 4
0 3 4
-4 2 4
0 3 4
-1 0 4
0 3 4
-4 3 4
0 3 4
-3 5 4
0 3 5
-2 6 4
-1 3 5
-2 6 4
-1 2 5
-2 8 5
-2 7 5
0 3 5
-3 4 5
0 3 5
-4 3 5
0 3 5
-3 2 5
-1 4 5
-1 0 5
-1 4 5
-2 1 5
0 3 5
-4 4 5
0 4 5
-1 0 5
0 3 5
-4 5 5
0 3 5
-1 0 5
-1 4 5
0 2 5
-2 4 5
0 3 5
-3 2 5
0 3 5
-2 4 5
0 3 5
-2 4 5
0 2 5
-2 4 5
0 2 5
-2 4 5
0 2 5
-1 5 6
0 8 6
0 4 6
0 1 7
0 6 8
-2 9 9
-3 12 8
-3 17 8
-2 31 10
0 33 11
2 30 11
3 23 10
7 9 8
8 -5 7
5 -15 6
1 -23 4
4 -27 3
0 -23 3
-5 -8 1
-5 10 6
-4 28 10
-1 38 12
-3 41 12
-5 44 10
-5 51 9
-3 52 7
2 45 3
3 37 4
-2 15 8
1 3 4
2 -6 2
6 -16 5
3 -21 6
-1 -25 6
-6 -18 6
-9 -2 12
-5 9 14
1 28 13
1 41 12
0 45 11
-1 44 11
2 32 13
1 18 12
4 7 10
1 0 12
-2 0 11
0 -5 10
0 -3 11
-1 -1 12
-8 -1 17
-17 2 24
-21 4 30
-21 10 43
-23 9 56
-21 3 67
-24 -5 74
-17 0 87
-16 10 103
-12 15 123
-5 16 141
1 16 158
5 12 171
7 10 178
6 4 183
1 3 183
0 6 184
-1 11 185
1 13 185
0 15 185
2 12 185
2 10 185
1 0 186
2 -14 188
1 -26 188
-1 -30 188
0 -26 187
0 -17 186
0 -2 187
0 6 186
-1 14 184
-5 19 182
-6 21 182
-5 28 183
-4 32 185
-4 35 186
-3 32 185
2 19 187
4 2 187
2 -2 187
3 -12 189
5 -14 190
5 -20 190
8 -20 190
2 -8 190
0 12 187
-3 30 187
-8 34 187
-11 31 187
-14 32 188
-12 37 191
-11 37 193
-6 26 193
-1 14 190
2 6 187
0 0 187
0 0 186
0 -9 186
2 -21 183
4 -25 181
5 -24 180
7 -26 180
3 -20 184
0 -3 188
-1 11 190
-5 27 192
-7 30 192
-5 23 192
-2 19 191
3 18 191
4 10 190
6 12 190
3 15 189
8 14 187
6 10 187
3 11 187
6 11 187
3 10 187
10 9 188
11 9 189
13 8 189
11 9 173
10 11 149
5 10 118
3 4 88
2 -4 67
0 -10 56
-3 -12 48
-1 -13 37
-4 -13 29
-7 -13 26
-8 -8 26
-8 2 27
-4 10 24
-3 14 21
-6 26 19
-7 36 17
-3 41 15
-2 45 15
0 33 16
1 29 17
0 17 18
1 6 20
6 0 20
4 -7 20
7 -14 21
3 -18 22
4 -26 25
1 -24 24
-1 -18 23
-4 -7 19
-4 -4 17
-7 5 17
-6 18 17
0 26 17
4 34 16
5 42 15
1 41 15
4 37 15
4 25 17
5 21 17
0 10 16
-2 1 16
0 -5 18
2 -11 20
5 -17 21
1 -19 21
4 -18 21
1 -12 20
-1 -2 20
1 5 19
-1 13 18
0 16 18
-1 27 17
1 31 16
2 39 15
3 44 15
5 45 14
1 38 14
3 28 13
-2 17 14
0 10 14
-3 8 16
-1 3 19
1 -2 21
3 -9 20
0 -8 18
-4 -8 19
-1 -12 19
-3 -9 19
0 -9 19
-3 -7 20
-6 -6 22
-11 -4 28
-16 -4 43
-21 0 62
-24 5 86
-24 16 110
-21 24 133
-16 25 152
-10 22 169
-7 15 186
-6 10 186
-5 5 183
-8 10 181
-7 16 178
-4 20 176
-4 24 175
-4 27 173
0 26 171
2 23 171
1 10 171
2 -8 171
0 -21 170
0 -35 171
-1 -37 170
-1 -41 171
-4 -36 171
-5 -25 169
-2 -15 169
-5 -4 169
0 19 170
0 28 171
-1 34 174
1 40 175
-1 38 176
1 37 175
-2 28 175
-1 15 174
2 0 172
0 -10 171
3 -19 170
0 -27 169
2 -35 168
2 -35 168
0 -28 171
-4 -15 172
-2 -1 172
-5 7 172
1 17 170
1 30 170
4 40 172
3 41 173
5 42 173
2 35 173
3 29 173
5 15 172
8 3 169
4 -5 168
1 -15 167
-2 -16 167
-2 -18 167
1 -15 167
0 -9 168
3 -6 168
1 -3 168
5 0 167
1 -1 168
3 2 168
2 -1 168
0 0 168
3 -1 168
1 -1 168
4 0 168
1 0 169
4 0 168
4 -3 168
2 0 169
5 -2 168
4 0 169
1 2 169
3 0 169
5 -3 168
4 0 169
7 0 169
4 0 169
1 -1 169
4 0 169
0 0 170
3 0 169
7 0 170
2 3 171
3 2 171
5 0 171
1 -1 171
1 -5 171
1 -1 171
-1 -3 171
1 -1 171
2 1 171
3 -1 171
6 1 172
3 0 171
5 -3 171
2 -1 171
6 -2 171
3 0 172
0 -3 172
3 -1 172
3 1 172
4 -1 171
0 -1 171
2 -1 171
5 0 171
