0 0 0
0 0 0
-1 0 0
-1 0 0
-2 0 0
-2 1 0
-3 1 0
-3 1 0
-3 1 0
-4 1 -1
-4 1 -1
-4 1 -1
-4 2 -1
-4 2 -1
-4 2 -1
-4 2 -1
-4 2 -1
-4 2 -1
-4 2 -1
-4 3 -1
-4 3 -1
-4 3 -1
-4 3 -1
-3 3 -1
-3 4 -1
-3 4 -1
-3 4 -1
-3 4 -1
-3 4 -1
-3 4 -1
-3 5 -1
-3 5 -1
-3 5 -1
-3 5 -1
-3 5 -1
-3 6 -1
-3 6 -1
-3 6 -1
-3 6 -1
-3 6 -1
-2 7 -2
-2 7 -2
-2 7 -2
-3 7 -2
-3 7 -2
-3 7 -2
-3 7 -2
-3 7 -2
-3 7 -2
-3 7 -2
-3 6 -2
-3 7 -2
-3 7 -3
-3 7 -3
-3 7 -3
-3 7 -3
-3 7 -3
-3 7 -3
-3 7 -3
-3 7 -3
-3 7 -3
-3 6 -3
-2 6 -3
-2 7 -3
-3 7 -3
-3 7 -3
-2 7 -4
-3 7 -4
-3 7 -4
-3 7 -4
-2 7 -4
-3 7 -4
-2 7 -4
-2 7 -4
-2 7 -4
-2 7 -4
-3 7 -4
-2 7 -4
-2 7 -4
-2 7 -5
-2 7 -5
-2 7 -5
-2 7 -5
-3 7 -5
-3 7 -5
-3 7 -5
-3 7 -5
-3 6 -5
-3 6 -5
-2 7 -6
-2 6 -6
-2 7 -6
-2 7 -6
-2 7 -6
-2 6 -6
-2 7 -6
-2 7 -6
-2 7 -7
-2 7 -7
-3 7 -7
-3 7 -7
-3 6 -7
-3 6 -7
-3 6 -7
-3 6 -7
-3 6 -8
-3 6 -8
-3 6 -8
-3 6 -8
-3 6 -8
-3 6 -8
-3 6 -8
-3 6 -8
-3 6 -8
-3 6 -8
-3 6 -9
-3 6 -9
-3 6 -9
-3 6 -9
-3 6 -9
-3 6 -9
-3 6 -9
-3 6 -9
-3 6 -9
-3 6 -9
-3 6 -10
-3 6 -10
-3 6 -10
-3 6 -10
-3 6 -10
-3 6 -10
-3 7 -10
-3 6 -10
-3 7 -10
-3 6 -11
-3 7 -11
-2 7 -11
-3 6 -11
-3 6 -11
-3 7 -11
-3 7 -11
-3 6 -11
-3 6 -11
-3 6 -12
-3 6 -12
-3 6 -12
-3 6 -12
-2 6 -12
-3 6 -12
-3 6 -12
-3 6 -12
-3 6 -13
-3 6 -13
-3 6 -13
-3 7 -13
-3 7 -13
-3 7 -13
-3 6 -13
-3 6 -13
-3 6 -14
-3 6 -14
-3 6 -14
-3 6 -14
-3 6 -14
-3 7 -14
-3 7 -14
-3 7 -14
-3 7 -14
-3 7 -14
-3 7 -15
-3 7 -15
-3 7 -15
-3 7 -15
-3 7 -15
-3 7 -15
-3 7 -15
-3 7 -16
-3 7 -16
-3 7 -16
-3 7 -16
-3 7 -16
-3 7 -16
-3 7 -16
-3 7 -16
-3 6 -16
-3 7 -16
-3 7 -16
-3 7 -16
-3 7 -17
-3 7 -17
-3 7 -17
-3 7 -17
-3 7 -17
-3 7 -17
-3 7 -17
-3 7 -18
-3 7 -18
-3 7 -18
-3 7 -18
-3 7 -18
-3 7 -18
-3 7 -18
-3 7 -19
-3 7 -19
-3 7 -19
-3 7 -19
-3 7 -19
-3 7 -19
-3 6 -19
-3 6 -19
-3 7 -19
-2 8 -18
-3 8 -18
-3 8 -17
-3 8 -17
-3 8 -17
-3 8 -17
-3 8 -17
-3 7 -17
-3 7 -17
-3 6 -17
-3 6 -17
-4 6 -17
-4 6 -17
-4 5 -17
-4 5 -16
-5 5 -17
-5 4 -17
-6 3 -17
-6 2 -17
-6 2 -17
-6 2 -18
-6 0 -18
-6 0 -17
-5 0 -18
-6 -2 -18
-7 -6 -19
-9 -9 -20
-10 -12 -20
-10 -16 -21
-10 -18 -22
-10 -19 -22
-10 -21 -23
-10 -24 -24
-9 -25 -25
-10 -27 -24
-9 -30 -26
-8 -33 -28
-6 -36 -31
-5 -38 -32
-4 -41 -33
-5 -44 -33
-5 -46 -33
-6 -49 -32
-7 -51 -31
-7 -53 -30
-7 -55 -29
-8 -57 -29
-8 -59 -29
-8 -60 -31
-5 -61 -33
-4 -61 -34
-5 -62 -34
-6 -65 -34
-12 -70 -32
-14 -76 -31
-13 -82 -32
-15 -89 -32
-14 -96 -30
-14 -101 -32
-14 -106 -31
-14 -111 -31
-13 -116 -30
-13 -120 -30
-13 -125 -30
-12 -129 -29
-12 -133 -28
-12 -138 -27
-12 -142 -25
-11 -145 -25
-11 -149 -23
-11 -150 -23
-10 -152 -22
-10 -153 -22
-10 -154 -22
-10 -155 -22
-10 -156 -22
-12 -160 -23
-16 -166 -24
-16 -171 -24
-14 -176 -23
-13 179 -23
-13 174 -22
-11 170 -23
-11 164 -23
-11 157 -23
-11 151 -23
-9 147 -24
-10 144 -24
-9 141 -25
-9 137 -27
-10 135 -27
-9 131 -28
-9 129 -28
-10 125 -28
-10 124 -28
-10 123 -29
-9 121 -30
-10 120 -30
-10 119 -30
-11 118 -29
-12 116 -28
-12 113 -28
-11 111 -29
-13 104 -29
-13 97 -28
-12 94 -28
-12 87 -27
-12 81 -27
-11 76 -29
-9 67 -32
-8 64 -32
-9 59 -32
-9 53 -33
-9 47 -34
-9 43 -34
-9 38 -34
-10 34 -35
-10 30 -34
-10 28 -34
-10 25 -34
-10 22 -35
-9 18 -35
-9 15 -34
-9 12 -34
-8 10 -33
-7 8 -33
-7 7 -32
-7 6 -32
-7 6 -32
-6 7 -31
-6 7 -31
-6 6 -31
-6 6 -30
-7 6 -31
-7 6 -31
-7 6 -30
-7 6 -30
-6 6 -31
-6 6 -30
-5 7 -30
-5 7 -31
-5 6 -30
-5 6 -30
-5 6 -30
-5 4 -29
-5 5 -28
-4 5 -28
-4 6 -28
-3 7 -29
-3 7 -29
-3 8 -28
-2 8 -28
-2 8 -28
-2 8 -28
-2 8 -28
-1 7 -29
-1 7 -29
0 7 -30
0 6 -30
2 6 -30
10 4 -30
30 2 -30
44 2 -29
37 1 -32
42 1 -33
42 0 -34
44 0 -34
49 0 -33
55 0 -31
61 1 -30
69 4 -25
73 5 -23
79 11 -16
85 30 3
85 144 117
80 162 136
75 165 140
70 167 143
66 167 144
62 167 145
57 166 145
53 166 146
50 165 146
46 165 148
43 166 149
41 167 150
39 167 150
38 167 150
37 167 150
34 168 151
35 169 151
36 169 151
34 171 152
33 172 153
34 173 154
32 173 155
32 174 157
30 175 157
30 175 157
29 174 157
28 174 157
27 174 157
26 173 157
24 174 157
24 174 158
24 174 157
24 174 156
23 174 154
27 174 154
28 174 153
24 174 153
23 174 153
19 174 155
14 175 156
8 176 155
2 177 154
-1 177 153
-5 177 152
-10 177 151
-16 177 151
-24 176 152
-30 176 153
-34 175 155
-42 174 156
-48 172 159
-54 170 163
-60 165 167
-65 162 171
-73 152 -178
-78 137 -162
-82 102 -127
-82 62 -86
-77 36 -59
-72 24 -47
-66 18 -41
-60 14 -37
-53 12 -34
-46 10 -31
-39 9 -29
-35 8 -28
-30 7 -27
-22 6 -25
-22 6 -25
-20 6 -24
-19 5 -24
-17 5 -24
-16 5 -23
-14 4 -22
-13 4 -22
-12 3 -21
-9 3 -22
-8 3 -23
-7 2 -24
-6 2 -24
-6 3 -25
-6 3 -25
-6 2 -25
-7 3 -25
-7 3 -26
-7 2 -26
-7 3 -26
-7 3 -26
-7 4 -27
-6 4 -28
-6 4 -29
-5 4 -31
-5 4 -32
-6 4 -33
-6 5 -35
-5 6 -36
-5 7 -37
-5 8 -38
-5 8 -40
-5 8 -43
-5 7 -45
-2 5 -47
-1 2 -51
-3 2 -54
-4 3 -58
-4 5 -62
-5 7 -66
-5 8 -71
-5 9 -75
-4 10 -79
-4 9 -86
-4 10 -92
-4 9 -99
-3 9 -104
-3 9 -111
-2 10 -117
0 8 -125
0 8 -131
1 7 -136
1 7 -142
3 6 -148
3 5 -154
2 5 -160
2 3 -166
2 3 -171
2 3 -176
3 4 178
3 3 174
3 2 171
3 1 169
3 1 166
3 1 164
3 1 161
3 2 159
2 3 157
2 6 154
2 7 152
2 7 149
2 7 144
2 7 140
2 7 132
3 6 125
1 4 117
0 3 109
-1 1 101
-2 1 96
-4 0 91
-5 0 86
-7 1 80
-7 0 73
-7 0 66
-6 0 60
-6 0 52
-7 2 49
-7 1 46
-7 1 42
-7 0 38
-7 0 36
-6 -1 33
-6 -2 31
-7 -2 29
-7 -2 27
-8 -2 26
-8 -2 25
-9 -3 24
-10 -2 22
-11 -2 19
-11 -2 17
-12 -2 16
-13 -2 13
-13 -1 12
-13 -1 11
-13 -1 9
-12 -1 9
-12 -1 8
-13 -1 6
-13 -1 4
-13 -1 3
-12 0 0
-10 0 -1
-8 0 -4
-7 1 -7
-7 1 -11
-7 1 -15
-7 1 -18
-6 1 -21
-6 1 -23
-6 1 -25
-7 2 -27
-5 3 -29
-6 5 -32
-6 5 -34
-6 6 -37
-6 5 -39
-6 5 -39
-5 5 -39
-5 5 -39
-5 5 -39
-5 5 -40
-4 5 -41
-4 5 -41
-4 5 -41
-5 5 -40
-4 5 -40
-4 4 -40
-5 4 -40
-5 4 -40
-5 4 -40
-5 4 -40
-5 4 -40
-5 4 -40
-5 4 -40
-4 4 -41
-4 4 -41
-4 4 -41
