-1 -1 0
-3 -3 0
-3 -1 0
-4 1 0
-1 0 0
-2 2 0
-1 5 0
-2 2 0
1 7 0
0 6 0
-1 3 0
-2 0 0
-1 3 0
-3 1 0
-1 3 0
-1 0 0
-1 3 0
-1 0 0
-1 4 0
-1 0 0
0 4 0
0 0 0
0 4 0
0 0 0
0 4 0
-1 0 0
-1 4 0
-2 1 1
0 6 1
-1 4 1
0 1 1
-1 4 1
0 1 1
-1 4 1
0 1 1
-1 4 1
0 1 2
-1 4 2
0 1 2
-1 4 2
0 1 2
-1 4 2
0 1 2
-1 4 2
0 1 2
-1 4 2
0 1 2
-1 4 3
0 1 3
-2 5 3
0 2 3
-2 5 3
0 2 3
-2 5 3
0 2 3
-2 5 3
0 2 3
-3 5 3
0 2 3
-3 5 3
0 2 3
-1 6 3
0 2 3
-1 6 3
0 2 3
-1 6 3
0 3 4
-4 3 4
0 2 4
-5 3 4
-2 3 4
0 2 4
-2 3 4
0 2 4
-2 3 4
0 2 4
-2 3 4
0 2 4
-2 3 4
0 2 4
-2 3 4
0 2 4
-3 3 4
0 2 4
-3 3 4
0 2 4
-3 3 4
0 2 4
-3 3 4
0 2 4
-4 3 4
-1 2 4
1 2 4
-1 3 4
1 2 4
-1 2 4
1 2 4
-2 3 4
1 2 4
-2 3 4
1 2 4
-2 3 4
1 2 4
-2 3 4
0 2 4
-2 3 4
0 2 4
-2 3 4
0 2 4
-2 2 4
1 2 4
-3 3 4
-1 2 4
2 1 4
-1 2 4
1 0 4
-1 2 4
-4 3 4
-1 2 4
-4 2 4
-1 2 4
-3 0 4
-1 2 4
2 3 4
-1 2 4
1 5 4
-1 2 4
1 4 4
-1 2 4
1 4 4
-1 2 4
1 4 4
-2 1 4
0 3 4
-2 0 4
0 3 4
-2 1 4
0 3 4
-2 1 4
0 3 4
-3 1 4
0 3 4
-2 1 4
0 3 4
-2 1 4
0 3 4
-2 1 4
0 3 4
-2 1 4
0 3 4
-2 0 4
0 3 4
-2 1 4
0 4 4
-1 2 4
0 5 4
-1 2 4
0 5 4
-1 2 4
1 4 4
-1 2 4
1 4 4
-1 2 4
1 4 4
-1 2 4
0 4 4
-1 2 4
1 4 4
-1 2 4
1 3 4
-1 2 4
1 3 4
-1 2 4
3 5 4
2 5 4
0 3 4
-3 1 4
0 3 4
-3 1 4
0 3 4
-3 1 4
0 3 4
-3 1 4
0 3 4
-3 1 4
0 3 4
-3 1 4
0 3 4
-3 1 4
0 3 4
-3 1 4
0 2 4
-3 0 4
0 3 4
-1 1 4
0 4 4
-2 1 4
0 4 4
-2 1 4
0 4 4
-1 1 4
0 3 4
-1 1 4
0 3 4
-1 0 4
0 3 4
-2 1 4
-1 4 4
-2 0 4
-1 4 4
-2 0 4
-2 4 4
-1 0 4
2 3 4
1 0 4
4 -2 4
1 0 4
3 -4 4
0 -2 4
2 -6 4
0 -4 4
-3 -2 4
0 -4 4
-2 -3 4
0 -5 4
-2 -4 4
-1 -1 4
-3 -4 4
-1 -1 4
-3 -2 5
0 2 5
2 9 5
1 10 5
3 21 5
2 23 5
-1 30 5
0 37 6
-4 44 6
-1 51 6
0 59 6
-3 64 6
0 69 6
-1 75 6
2 78 6
2 81 6
6 77 7
6 69 7
6 58 7
6 45 7
5 33 7
4 23 7
1 16 7
0 13 7
4 6 7
2 4 8
1 -3 8
1 -4 8
-1 -5 8
0 -10 8
-2 -10 8
-3 -9 8
-5 -14 8
-6 -12 8
-7 -8 8
-6 -1 8
-4 3 8
-1 14 8
-3 23 8
0 31 8
0 38 7
0 43 7
2 48 7
0 53 7
1 56 7
3 64 7
4 68 7
5 69 6
6 66 6
7 59 6
7 45 6
6 32 6
5 21 6
3 16 6
0 9 6
4 2 6
3 -5 6
3 -13 6
3 -14 6
4 -17 6
0 -17 6
2 -17 6
0 -15 6
-2 -12 6
-3 -8 6
-2 0 6
-3 3 6
-4 17 6
-3 26 5
-3 34 5
-1 46 5
-1 50 5
0 53 5
0 54 5
1 56 5
2 57 5
0 61 5
3 66 5
3 71 5
3 74 5
4 74 5
5 70 5
5 60 5
4 49 5
1 41 5
0 37 5
-2 33 5
-1 31 5
-2 23 6
-2 16 6
-2 11 6
0 13 6
-1 11 7
1 13 7
0 9 7
2 11 7
2 14 7
0 10 8
1 12 8
0 8 8
4 8 8
1 7 8
5 6 8
5 9 8
6 6 8
5 9 8
5 6 8
8 8 8
7 6 8
11 7 8
8 6 8
12 8 9
10 8 9
8 7 9
7 6 9
5 5 10
4 3 10
3 3 11
8 3 11
6 3 12
5 2 13
3 1 14
2 0 16
0 0 17
-1 0 19
-3 0 21
-3 1 23
-5 3 25
-3 3 28
-5 4 31
-5 7 34
-9 7 37
-6 7 40
-9 8 44
-7 9 48
-10 5 51
-7 4 55
-10 2 60
-8 2 64
-8 3 68
-6 1 73
-9 0 77
-6 0 81
-4 4 86
-5 10 90
-5 20 95
-9 31 99
-7 52 103
-8 56 108
-10 62 112
-7 68 116
-3 68 120
-5 69 124
-4 70 127
-4 71 131
-4 70 134
-3 66 138
-2 54 141
-1 41 144
-1 26 147
0 12 150
0 0 153
2 -11 156
4 -22 158
5 -31 161
5 -35 163
4 -38 165
2 -39 167
1 -38 169
0 -34 171
-1 -26 173
-3 -15 175
-2 -3 176
-2 4 178
-2 12 179
-2 21 180
-2 30 181
0 41 182
2 52 183
3 61 184
0 64 184
0 70 185
-2 71 186
0 74 186
0 70 186
0 65 187
2 63 187
0 51 187
0 47 187
0 42 187
-1 30 187
-1 17 188
-2 3 188
-2 -9 188
-2 -21 188
-2 -24 187
-2 -26 187
-2 -26 187
-3 -32 187
-2 -32 187
-3 -31 187
-1 -29 187
-3 -24 187
-3 -16 187
-7 -11 187
-6 -1 186
-7 4 186
-4 14 186
-8 25 186
-7 29 186
-3 37 185
-4 40 185
-3 43 185
-3 45 184
-5 47 184
-5 54 184
-7 60 184
-6 65 183
-5 68 183
-6 66 183
-6 61 183
-5 55 182
-6 53 182
-8 44 182
-9 32 182
-9 21 182
-9 17 182
-8 14 181
-7 4 181
-6 3 181
-3 3 181
-5 -1 181
-3 0 181
-7 -1 181
-3 -1 181
-5 0 181
-3 -3 181
-5 0 181
-7 0 181
-3 1 181
-6 3 180
-9 4 180
-6 3 180
-9 3 180
-6 1 180
-9 0 179
-6 1 179
-5 0 179
-8 1 178
-7 -1 178
-7 -3 177
-7 -5 176
-6 -7 175
-6 -9 174
-6 -11 173
-7 -13 171
-7 -15 169
-7 -16 167
-6 -16 165
-5 -15 163
-5 -13 161
-4 -12 158
-3 -11 155
-1 -10 152
0 -9 148
2 -8 145
-1 -12 141
1 -11 137
-2 -14 133
3 -16 129
2 -16 125
0 -17 121
3 -18 116
1 -18 112
3 -17 108
0 -19 103
0 -17 99
-3 -19 94
-1 -14 90
-1 -7 86
-2 -4 81
-4 7 77
-4 14 73
-5 23 69
-5 32 65
-3 41 62
0 54 58
1 66 54
2 75 51
2 82 48
1 89 45
0 87 42
-2 86 39
-4 75 36
-5 62 33
-6 48 31
-6 34 29
-6 20 26
-4 7 24
-3 -4 22
-2 -16 21
-4 -27 19
-4 -31 17
-4 -34 16
-2 -36 14
-1 -36 13
-1 -35 12
-1 -34 10
-4 -32 9
-4 -28 8
-4 -19 8
-5 -10 7
-3 -2 6
-5 9 6
-3 20 5
0 29 5
2 38 4
0 46 4
0 49 4
-2 54 3
0 56 3
-1 56 3
-1 61 3
-1 64 2
0 64 2
0 61 2
0 49 2
0 36 2
1 22 2
2 9 2
6 -1 2
4 -8 2
3 -19 3
2 -29 3
-1 -35 3
0 -40 3
-1 -42 3
-2 -43 4
-3 -41 4
-5 -35 4
-5 -26 4
-5 -15 4
-4 -3 5
-5 1 5
-6 6 5
-7 12 5
-4 21 5
-5 27 6
-1 34 6
-4 40 6
0 43 6
0 44 6
-3 46 6
-1 52 6
-4 55 6
-1 58 6
-2 55 6
-1 51 6
0 45 6
1 43 6
0 42 6
1 34 6
0 24 6
-2 14 6
-4 4 6
-4 3 6
-2 2 6
0 2 6
2 4 6
6 4 6
2 3 6
4 3 6
2 1 6
5 3 6
3 2 6
5 0 6
2 1 6
2 0 6
0 -1 6
0 -2 6
-1 -3 7
-3 -4 7
-5 -5 8
-7 -5 9
-9 -5 10
-11 -4 12
-10 -2 13
-9 -6 15
-8 -2 17
-8 0 19
-9 2 21
-7 1 24
-8 3 27
-6 0 30
-7 3 33
-10 3 36
-7 1 40
-10 2 43
-12 3 47
-9 2 51
-10 4 55
-8 0 59
-10 0 63
-9 -8 67
-8 -17 71
-9 -20 76
-6 -30 80
-7 -33 84
-6 -35 89
-4 -42 93
-4 -43 98
-4 -44 102
-5 -44 106
-7 -39 110
-9 -29 115
-10 -14 119
-9 -1 123
-9 11 127
-9 28 131
-9 37 134
-5 46 138
-6 49 141
-6 52 144
-5 54 148
-4 56 150
-5 61 153
-3 65 156
-2 68 159
-1 67 161
0 63 163
0 42 165
0 37 167
0 23 169
0 10 171
0 -1 173
1 -12 174
0 -21 176
0 -23 177
0 -31 178
0 -32 179
2 -33 181
0 -33 182
0 -31 183
-2 -25 184
-5 -15 184
-6 -2 185
-9 6 186
-9 15 187
-12 24 187
-9 34 188
-10 40 188
-10 42 189
-11 44 189
-12 45 189
-11 46 190
-8 52 190
-9 58 190
-5 63 190
-5 68 190
-5 71 190
-5 71 190
-6 63 190
-7 51 189
-8 38 189
-9 23 189
-9 7 189
-8 -7 188
-6 -21 188
-6 -28 188
-4 -33 188
-4 -38 187
-4 -41 187
-5 -41 187
-7 -39 187
-8 -36 187
-10 -31 186
-11 -25 186
-12 -24 186
-12 -15 186
-13 -10 186
-14 -3 185
-13 4 185
-8 16 185
-2 25 185
-4 31 184
0 35 184
-3 38 184
-4 39 183
-7 40 183
-8 41 182
-7 46 182
-4 53 181
-3 52 181
-2 53 180
-3 47 180
-6 39 179
-8 30 179
-9 22 178
-7 19 178
-4 16 177
-6 9 176
-3 8 176
-4 1 176
-1 1 175
2 1 175
0 -1 174
3 0 174
1 2 174
1 -1 173
-1 2 173
-3 0 173
-3 3 172
-4 1 172
-4 4 172
-5 1 171
-3 4 171
-4 0 171
-2 4 170
-3 1 170
-2 4 170
