-1 2 0
-3 5 0
-4 8 2
-6 11 4
-7 15 6
-8 17 8
-10 20 12
-11 23 15
-13 26 18
-14 30 22
-15 33 26
-12 34 30
-15 33 33
-13 30 37
-14 33 41
-17 35 45
-14 33 49
-14 36 52
-14 33 56
-16 36 59
-14 34 63
-12 36 66
-14 34 69
-15 30 72
-14 34 74
-14 32 77
-15 35 79
-15 32 81
-14 35 83
-14 32 85
-14 29 87
-14 33 89
-16 35 90
-15 33 91
-13 35 92
-14 32 93
-13 36 94
-15 33 95
-13 31 96
-14 34 97
-15 30 97
-15 33 97
-14 30 98
-15 34 98
-19 32 98
-16 32 98
-13 34 99
-15 31 99
-14 35 99
-15 32 99
-15 35 99
-14 32 99
-18 33 98
-14 33 98
-17 32 98
-14 33 98
-17 33 98
-14 32 98
-17 34 98
-14 34 97
-16 31 97
-15 34 97
-15 31 97
-16 34 97
-14 31 97
-15 33 96
-16 35 96
-16 32 96
-17 35 96
-15 33 96
-19 33 96
-20 36 96
-19 33 95
-15 35 95
-14 32 95
-16 35 95
-13 37 95
-14 33 95
-16 36 95
-18 37 95
-17 33 95
-16 36 95
-19 37 95
-16 39 95
-21 38 95
-18 38 95
-21 38 95
-19 35 95
-20 38 95
-21 35 95
-19 34 94
-18 33 94
-17 33 94
-17 31 94
-16 29 94
-14 28 94
-15 32 94
-16 35 94
-17 37 95
-20 38 95
-23 38 95
-26 39 95
-25 37 95
-22 34 95
-19 33 95
-19 33 95
-17 33 95
-14 35 95
-16 37 95
-20 37 95
-22 38 95
-23 40 95
-24 43 95
-26 39 95
-23 40 95
-23 37 95
-20 35 95
-20 34 95
-19 33 95
-19 29 95
-17 26 95
-17 30 95
-17 34 95
-19 35 95
-22 35 95
-25 35 95
-23 32 95
-26 34 95
-23 34 95
-22 36 95
-20 37 95
-18 40 94
-21 38 94
-23 39 94
-24 41 94
-25 44 94
-24 46 94
-26 48 94
-25 43 94
-22 41 94
-21 38 94
-21 35 94
-20 32 94
-20 29 94
-18 34 94
-19 37 94
-19 40 94
-22 40 94
-26 38 94
-27 35 95
-23 36 95
-21 39 95
-20 37 95
-19 36 95
-16 36 94
-16 40 94
-19 41 94
-21 38 94
-23 39 94
-25 41 94
-26 43 94
-24 41 93
-23 39 93
-20 37 93
-17 33 93
-17 32 93
-17 30 93
-16 27 93
-16 31 93
-17 34 93
-18 36 93
-20 37 93
-22 38 93
-19 38 93
-19 34 93
-19 31 93
-18 32 93
-15 32 93
-11 35 93
-11 38 93
-13 40 93
-17 41 93
-18 42 93
-21 43 93
-16 41 93
-20 41 93
-18 37 93
-16 35 93
-16 34 93
-15 31 93
-15 28 93
-16 31 93
-17 34 93
-19 36 93
-22 38 93
-25 37 93
-23 35 93
-23 32 93
-22 30 93
-20 31 93
-17 33 93
-15 37 93
-15 34 92
-15 32 92
-21 31 92
-24 31 92
-24 27 92
-22 26 92
-23 30 92
-20 27 93
-19 26 93
-18 25 94
-17 22 95
-18 24 96
-18 21 98
-18 24 100
-17 22 102
-16 23 104
-17 26 107
-16 28 110
-15 26 113
-13 28 116
-11 27 120
-12 29 124
-15 23 128
-14 25 132
-14 28 137
-13 30 142
-12 33 147
-9 35 152
-10 38 157
-11 35 163
-13 37 168
-15 39 174
-18 39 179
-19 41 185
-19 37 190
-21 39 196
-23 37 201
-19 38 206
-20 39 211
-23 39 216
-24 41 221
-22 40 224
-18 40 227
-18 37 230
-17 35 233
-16 37 236
-13 38 239
-10 38 241
-13 35 244
-16 37 246
-19 36 249
-21 37 251
-23 39 253
-21 42 255
-20 40 256
-17 38 258
-16 36 259
-14 35 261
-15 32 262
-14 29 263
-15 32 264
-14 35 265
-18 37 266
-20 37 267
-23 37 268
-27 38 268
-24 37 269
-21 35 269
-18 33 270
-15 35 270
-11 34 270
-14 32 270
-16 31 270
-19 33 270
-21 35 270
-23 35 270
-24 39 270
-20 40 270
-18 37 270
-16 36 270
-16 33 269
-16 32 269
-15 27 269
-13 29 269
-15 32 269
-17 34 269
-20 35 269
-24 35 269
-20 34 268
-23 36 268
-20 34 268
-19 34 268
-16 37 268
-15 41 268
-17 37 268
-20 33 268
-22 35 268
-23 37 267
-20 39 267
-20 43 267
-21 40 266
-21 37 265
-21 33 263
-21 32 262
-20 28 262
-17 24 261
-16 30 260
-15 34 260
-16 38 260
-18 39 259
-20 41 259
-19 37 259
-16 35 259
-18 31 259
-17 35 259
-19 38 259
-16 35 259
-18 32 260
-21 33 260
-22 34 260
-23 37 260
-23 39 260
-17 39 260
-18 39 260
-17 35 260
-17 33 260
-17 31 261
-17 28 261
-13 29 261
-13 33 261
-13 36 261
-15 38 262
-18 40 262
-20 42 262
-18 39 262
-17 35 262
-16 31 263
-13 34 263
-10 38 263
-10 42 263
-12 39 263
-15 38 263
-17 41 263
-17 38 263
-16 40 263
-14 39 263
-11 39 264
-10 38 264
-11 35 264
-11 31 264
-8 29 264
-6 32 264
-5 36 264
-4 39 263
-7 37 263
-9 35 263
-7 33 263
-8 38 262
-7 36 261
-11 37 260
-9 35 259
-12 34 257
-11 39 256
-8 39 254
-5 40 251
-6 40 249
-7 38 246
-10 37 243
-12 36 240
-14 35 236
-13 32 232
-11 31 228
-7 35 224
-10 38 219
-9 36 214
-12 34 209
-14 33 204
-18 31 199
-20 31 193
-23 32 188
-25 32 182
-27 33 176
-26 36 171
-27 39 165
-27 41 159
-29 43 154
-30 46 149
-28 44 144
-26 44 139
-23 43 134
-20 41 130
-18 42 125
-14 42 121
-12 43 118
-14 45 114
-16 42 111
-17 44 108
-20 43 105
-21 45 102
-21 42 99
-18 39 97
-15 37 95
-13 34 93
-12 32 91
-12 30 90
-12 31 89
-13 33 87
-14 37 86
-15 39 85
-18 41 84
-22 40 84
-24 38 83
-21 41 82
-19 37 82
-17 33 81
-16 36 80
-14 37 80
-10 33 79
-11 30 79
-13 29 78
-15 32 78
-17 34 77
-19 36 77
-18 34 77
-14 33 76
-12 29 76
-13 27 76
-16 25 76
-15 21 75
-13 23 75
-13 28 75
-13 32 75
-14 34 75
-18 35 75
-15 38 75
-17 34 75
-14 32 75
-13 28 75
-10 31 75
-8 34 74
-11 31 74
-14 29 74
-17 30 74
-19 32 74
-19 34 74
-21 37 74
-20 36 74
-16 35 74
-15 32 74
-15 30 74
-14 28 74
-11 27 74
-13 29 74
-12 33 74
-13 35 74
-15 36 75
-19 37 75
-21 36 75
-18 36 75
-17 31 75
-15 31 75
-12 34 75
-11 37 75
-11 32 75
-12 28 75
-15 29 75
-19 31 75
-20 32 75
-21 35 75
-19 32 75
-16 31 75
-15 29 75
-14 27 75
-16 23 75
-15 26 75
-14 29 75
-13 33 75
-14 37 75
-17 37 75
-20 38 75
-20 36 75
-18 31 75
-18 26 75
-16 29 75
-13 32 75
-9 35 75
-11 33 75
-18 34 75
-19 34 75
-22 32 75
-24 30 75
-27 29 74
-27 28 74
-25 29 75
-24 29 75
-23 29 75
-20 32 76
-20 30 77
-19 28 78
-18 26 79
-14 28 81
-11 29 83
-9 28 85
-8 29 87
-10 31 90
-9 33 93
-8 35 96
-10 38 99
-11 40 103
-15 37 106
-16 33 109
-19 34 113
-21 35 116
-19 37 120
-20 38 123
-21 40 126
-24 40 130
-27 38 133
-23 38 136
-20 38 139
-18 37 141
-17 35 144
-16 37 146
-13 40 148
-9 37 150
-11 33 152
-15 33 154
-19 32 156
-20 33 157
-19 36 159
-18 38 160
-18 35 161
-16 32 162
-15 30 163
-14 30 164
-17 27 164
-16 29 165
-17 32 165
-18 29 166
-17 32 166
-19 29 166
-21 32 166
-20 30 166
-17 31 166
-17 27 166
-14 31 166
-14 35 166
-13 30 166
-13 26 166
-15 29 166
-17 31 165
-20 33 165
-22 34 164
-24 36 164
-19 34 164
-16 34 163
-14 33 163
-15 30 162
-19 27 162
-19 22 162
-17 27 161
-16 31 161
-17 35 160
-19 37 160
-22 37 160
-19 34 159
-15 32 159
-15 26 159
-14 26 159
-14 31 158
-10 33 158
-12 31 158
-14 30 157
-18 29 157
-21 31 157
-22 33 156
-20 36 156
-17 33 156
-15 32 155
-14 29 155
-16 27 155
-19 23 155
-18 26 154
-16 28 154
-16 32 154
-15 36 154
-19 37 154
-23 34 154
-19 34 154
-18 38 154
-18 34 154
-16 34 154
-13 36 154
-9 34 154
-12 33 154
-16 32 154
-20 30 154
-23 31 154
-23 34 154
-20 34 154
-16 32 154
-14 30 154
-15 27 153
-18 25 153
-20 21 153
-17 24 153
-16 29 153
-15 34 153
-16 35 153
-19 35 153
-22 36 153
-19 34 153
-18 30 153
-15 30 153
-14 33 153
-11 36 153
-7 34 153
-8 31 153
-12 32 153
-15 31 153
-18 31 153
-20 32 153
-20 35 153
-21 31 153
-19 32 153
-17 30 153
-15 27 153
-13 22 153
-14 19 153
-16 17 153
-19 19 153
-21 16 154
-18 17 154
-20 14 155
-19 17 156
-17 17 157
-17 16 158
-17 18 159
-15 20 161
-14 22 163
-14 24 165
-12 25 168
-10 27 171
-7 31 174
-8 34 177
-11 33 181
-15 32 184
-20 33 188
-20 33 192
-23 34 195
-22 36 199
-25 37 203
-27 33 206
-29 30 209
-24 29 213
-21 32 216
-19 37 219
-17 35 222
-17 33 224
-15 34 227
-13 37 229
-11 34 231
-12 31 233
-15 32 235
-18 30 237
-18 32 238
-18 35 240
-19 29 241
-18 31 242
-16 34 243
-16 31 244
-17 30 244
-18 26 245
-17 24 245
-16 29 246
-16 32 246
-16 35 246
-19 35 246
-17 38 247
-18 36 247
-15 34 247
-17 30 247
-14 31 247
-13 35 247
-14 35 247
-17 34 246
-21 33 246
-23 34 246
-21 33 246
-22 37 245
-19 35 245
-14 36 245
-13 32 244
-15 29 244
-17 26 244
-15 24 243
-15 27 243
-15 31 243
-15 34 242
-18 34 242
-21 35 242
-19 33 241
-16 33 241
-16 28 241
-14 27 241
-14 33 240
-13 36 240
-16 33 240
-18 33 239
-21 31 239
-22 33 239
-22 29 238
-21 31 238
-19 29 238
-14 31 237
-16 29 237
-16 26 237
-16 23 236
-14 21 236
-14 25 236
-14 29 235
-15 32 235
-16 33 235
-18 34 235
-16 31 235
-15 26 235
-13 24 235
-12 35 234
-12 35 234
-14 32 234
-16 34 234
-19 35 234
-23 35 234
-26 33 234
-29 34 233
-25 33 233
-21 33 233
-16 34 233
-15 32 232
-16 30 232
-17 26 232
-15 29 232
-16 33 232
-17 36 232
-20 35 232
-22 36 231
-19 33 231
-16 29 231
-16 30 231
-14 31 231
-14 36 231
-12 40 231
-11 37 231
-13 34 230
-15 32 230
-19 32 230
-22 30 230
-24 32 229
-23 28 229
-22 33 229
-19 31 228
-17 30 228
-18 29 228
-18 25 228
-20 23 228
-21 21 228
-20 20 228
-18 22 229
-16 20 229
-15 22 228
-16 25 227
-18 27 224
-18 22 221
-15 22 216
-13 27 211
-12 30 205
-13 31 199
-15 32 192
-16 34 185
-16 37 177
-18 39 170
-19 42 162
-21 39 154
-25 40 146
-27 39 139
-24 38 131
-20 40 124
-18 37 117
-18 35 110
-18 34 103
-15 36 97
-18 33 91
-22 33 85
-24 34 80
-27 34 75
-23 36 70
-27 34 66
-23 34 62
-19 33 59
-17 33 56
-16 32 53
-18 28 50
-19 23 48
-18 27 46
-18 31 44
-19 35 42
-20 38 41
-23 39 39
-22 36 38
-20 38 37
-20 33 37
-21 30 36
-19 33 36
-16 37 35
-15 32 35
-18 31 35
-22 30 36
-26 29 36
-26 32 36
-27 35 37
-25 32 37
-21 32 38
-18 32 38
-18 30 39
-18 27 39
-19 23 40
-19 27 41
-18 32 41
-20 35 42
-22 36 43
-26 37 43
-22 35 44
-19 33 44
-19 30 45
-17 29 45
-13 31 46
-15 33 46
-17 32 47
-19 31 48
-21 32 48
-24 32 49
-27 33 49
-22 33 50
-18 32 51
-14 33 51
-14 30 52
-16 27 52
-17 22 53
-14 26 53
-15 28 54
-15 31 54
-17 35 54
-19 37 55
-23 35 55
-26 34 55
-24 31 55
-23 26 55
-20 22 56
-19 27 56
-16 30 56
-17 33 56
-21 30 56
-23 31 56
-25 33 56
-27 33 56
-27 36 56
-25 34 56
-20 32 56
-17 31 56
-17 27 56
-17 25 56
-17 21 56
-16 26 56
-15 31 56
-16 34 56
-18 36 56
-22 36 55
-20 34 55
-24 35 55
-23 30 55
-22 31 55
-18 34 55
-13 36 55
-9 36 55
-12 34 55
-16 32 56
-21 32 56
-23 34 56
-21 34 56
-25 27 56
-24 27 56
-21 30 56
-19 30 56
-17 26 57
-17 22 57
-17 26 57
-17 30 57
-13 32 57
-13 28 57
-10 27 57
-11 29 57
-11 31 57
-13 28 57
-17 28 56
-21 26 56
-22 29 56
-19 31 56
-18 28 56
-18 31 56
-17 35 56
-18 33 56
-20 35 56
-19 32 56
-22 33 56
-20 30 56
-19 34 56
-21 31 56
-20 34 56
-22 31 56
-20 34 56
-22 31 56
-19 33 56
-21 31 56
-18 34 56
-21 35 56
-20 32 56
-22 33 56
-19 32 56
-18 35 56
-21 32 56
-19 34 56
-21 31 56
-19 34 56
-21 31 56
-20 34 56
-20 31 56
-21 34 56
-20 31 56
-21 34 56
-19 32 56
-21 34 56
-20 31 56
-21 34 56
-18 35 56
-20 33 56
-17 35 56
-20 33 56
-18 31 56
-19 34 56
-23 32 56
-20 33 56
-19 36 56
-19 33 57
-20 36 57
-19 33 57
-21 36 57
-18 38 57
-19 34 57
-22 35 57
-19 33 57
-20 36 57
-20 32 57
-22 35 57
-18 35 57
-22 33 57
-19 35 57
-21 33 57
-20 36 57
-21 33 57
-18 37 57
-20 35 57
-23 33 57
-20 35 57
-22 32 57
-19 34 57
-22 35 57
-19 36 57
-22 34 58
-22 37 58
-21 35 58
-24 33 58
-21 34 58
-23 37 58
-21 34 58
-21 37 58
-21 34 58
-19 32 58
-21 34 58
-22 37 59
-22 33 59
-21 35 59
-22 38 59
-21 36 59
-22 32 59
-21 36 59
-21 32 59
-21 36 59
-24 35 59
-21 34 60
-21 38 60
-21 35 60
-22 38 60
-20 35 60
-22 37 60
