1 -1 0
2 -2 0
3 -4 2
2 -6 3
2 -7 4
1 -8 6
2 -7 6
3 -7 7
4 -6 7
5 -5 7
5 -5 7
6 -5 7
6 -5 7
6 -5 7
6 -6 7
6 -6 7
7 -6 6
7 -6 6
7 -6 6
7 -6 6
8 -6 6
8 -6 5
8 -5 5
7 -5 4
7 -4 4
7 -5 4
7 -5 4
7 -5 4
7 -5 4
7 -5 4
7 -4 4
7 -4 4
7 -4 4
7 -4 4
7 -4 4
7 -4 4
7 -4 4
8 -4 4
8 -4 4
8 -4 4
8 -4 4
8 -4 4
8 -4 4
8 -4 5
8 -4 4
8 -4 4
8 -4 4
8 -4 4
8 -4 4
8 -4 4
8 -4 4
8 -4 5
8 -4 5
8 -4 5
8 -4 5
8 -4 5
8 -4 5
8 -4 5
8 -4 5
8 -4 5
8 -4 5
8 -4 5
8 -4 5
8 -4 5
8 -4 5
8 -4 5
8 -4 5
8 -4 5
8 -4 5
8 -4 5
8 -4 5
8 -4 5
8 -5 5
8 -5 5
8 -5 5
8 -5 5
8 -5 5
8 -5 5
8 -5 6
8 -5 6
8 -5 6
8 -5 6
8 -5 6
8 -5 6
8 -5 6
8 -5 6
8 -5 6
8 -6 6
8 -6 6
8 -6 6
8 -6 6
8 -6 6
8 -6 6
8 -6 6
8 -6 6
8 -6 6
8 -6 7
8 -6 6
8 -6 7
8 -6 7
8 -6 7
8 -6 7
8 -6 7
8 -6 7
8 -6 7
8 -6 7
8 -6 7
8 -6 7
8 -6 7
8 -6 7
8 -6 7
8 -6 7
8 -6 7
8 -6 7
8 -6 7
8 -6 7
7 -6 7
7 -6 7
7 -6 7
7 -6 7
7 -6 7
7 -6 7
7 -6 7
7 -6 7
7 -6 7
7 -6 7
7 -6 7
7 -6 7
7 -6 7
7 -6 7
7 -6 7
7 -6 7
7 -6 7
7 -6 7
7 -7 7
7 -7 8
7 -7 8
7 -7 8
7 -7 8
7 -7 8
7 -7 8
7 -7 8
7 -7 8
7 -7 8
7 -7 8
7 -7 8
7 -7 8
7 -7 8
7 -7 8
7 -7 8
7 -7 8
7 -7 8
7 -7 8
7 -7 8
7 -7 8
7 -7 8
7 -7 8
7 -7 8
7 -7 8
7 -7 8
7 -6 8
7 -6 8
7 -6 8
7 -6 8
7 -6 8
7 -6 8
7 -6 8
7 -6 8
7 -6 8
7 -6 8
7 -6 8
7 -6 8
7 -6 8
7 -6 8
7 -6 8
7 -6 8
7 -6 8
7 -6 8
7 -6 8
7 -6 8
7 -6 8
7 -6 8
7 -6 9
7 -6 9
7 -6 8
7 -6 8
7 -6 8
7 -6 8
7 -6 8
7 -6 8
7 -6 8
7 -6 8
7 -6 8
7 -6 8
6 -6 8
6 -6 8
6 -6 8
6 -6 8
6 -6 8
6 -6 8
6 -6 8
6 -6 8
6 -6 8
6 -6 8
6 -6 8
6 -6 9
6 -6 9
6 -5 10
6 -6 11
7 -5 13
7 -5 15
8 -6 20
8 -6 24
7 -6 29
7 -7 34
5 -4 37
5 -6 43
4 -6 48
4 -7 54
4 -8 59
3 -8 62
3 -8 65
2 -8 68
2 -7 70
3 -8 73
4 -10 74
4 -9 75
5 -10 76
5 -10 77
5 -10 78
5 -11 79
6 -10 78
7 -9 77
7 -9 77
7 -9 78
7 -10 78
7 -10 77
7 -11 77
5 -11 78
4 -12 80
3 -11 82
3 -8 86
3 -4 93
4 -1 100
6 0 106
8 1 112
10 2 118
11 2 123
11 1 128
12 0 133
12 0 137
14 0 141
15 0 145
16 0 151
18 1 157
19 3 165
21 5 171
24 7 178
26 9 184
28 11 189
29 12 193
30 14 197
32 15 203
33 16 208
34 17 212
35 17 215
37 18 218
38 21 221
38 23 225
40 25 230
40 26 235
40 27 239
40 29 243
41 28 247
42 28 249
42 29 253
43 28 256
44 29 259
44 28 261
46 27 262
46 25 264
47 24 266
48 22 268
49 22 268
51 20 269
52 19 271
53 19 273
52 20 276
52 20 280
56 17 283
58 17 286
59 19 289
60 19 292
62 20 295
62 19 298
62 18 301
63 19 304
63 19 309
65 18 312
64 18 314
63 17 315
63 15 318
63 14 319
63 11 321
65 10 321
67 8 322
68 6 324
69 4 326
69 2 327
71 0 327
71 -1 328
71 -2 328
71 -1 328
72 -2 328
71 0 327
73 7 325
75 16 325
75 18 325
76 23 324
76 25 324
77 32 322
78 39 321
79 46 320
80 54 319
80 62 319
80 70 319
80 76 319
81 81 318
82 87 318
83 92 317
85 99 316
87 104 315
85 110 315
84 115 315
84 119 314
83 124 314
81 128 312
79 133 310
77 136 310
74 140 308
70 142 307
69 145 306
69 147 304
68 149 304
68 151 303
68 153 300
68 157 297
67 160 293
65 164 291
63 166 287
60 169 283
59 171 280
56 174 277
52 175 271
50 178 268
47 179 265
44 182 261
40 184 258
39 184 255
37 184 253
36 184 254
35 184 253
36 184 252
35 149 252
35 152 253
36 120 253
38 126 252
38 97 252
37 72 252
35 54 250
34 38 248
33 26 246
33 14 247
34 5 249
35 -2 248
37 -11 249
38 -17 249
38 -21 248
38 -26 248
38 -31 248
39 -34 247
40 -38 245
42 -39 243
43 -42 242
43 -44 240
43 -45 238
43 -45 238
43 -44 237
43 -43 237
43 -42 237
43 -42 236
43 -42 236
42 -43 236
39 -43 240
36 -41 245
34 -39 250
32 -37 255
30 -35 258
28 -33 259
25 -32 261
23 -31 263
20 -30 265
18 -28 266
18 -26 267
17 -25 268
17 -25 268
16 -23 267
17 -23 263
17 -22 260
17 -21 258
18 -21 257
17 -22 258
15 -20 260
14 -16 264
15 -12 268
13 -11 270
15 -7 277
18 -4 286
22 0 293
26 3 302
29 6 310
33 9 319
36 12 328
39 17 338
42 19 347
45 23 356
48 27 365
50 29 375
52 31 385
54 29 395
54 29 401
55 27 406
55 27 410
55 25 414
55 23 416
54 23 418
55 21 420
55 19 422
55 16 424
55 14 426
57 11 427
58 8 428
59 6 429
61 5 430
65 5 432
70 6 433
74 4 437
78 5 439
83 3 443
90 0 446
96 -6 445
101 -15 445
104 -23 444
105 -34 442
106 -42 440
107 -50 437
106 -57 433
103 -65 430
100 -73 428
95 -79 425
92 -85 422
88 -92 420
85 -97 417
81 -105 417
79 -110 415
76 -116 413
74 -120 411
72 -123 408
69 -127 405
67 -129 400
66 -131 394
64 -133 385
62 -134 377
60 -136 369
58 -138 359
55 -141 348
52 -144 339
49 -148 328
45 -116 317
42 -87 308
39 -96 297
34 -71 286
31 -82 277
27 -59 268
23 -36 260
19 -20 250
18 -2 247
16 -16 241
12 0 232
8 13 224
8 27 220
6 42 216
3 22 211
1 37 207
-1 51 204
-2 62 203
-3 72 200
-4 79 199
-6 56 197
-7 67 195
-9 44 193
-10 23 191
-11 5 188
-12 -10 185
-12 -24 183
-13 -36 179
-12 -46 177
-11 -54 170
-13 -63 161
-12 -71 158
-11 -77 152
-10 -84 147
-8 -90 143
-6 -95 136
-6 -100 128
-6 -104 119
-4 -109 109
-3 -114 98
-2 -120 88
0 -127 78
1 -134 70
4 -103 63
8 -75 56
11 -52 51
14 -30 47
17 -11 42
19 6 40
22 22 39
25 38 38
25 52 36
24 64 31
22 74 29
23 84 25
22 91 21
23 102 16
21 111 6
19 119 -2
16 125 -13
14 131 -23
10 136 -34
8 139 -45
6 143 -55
4 146 -65
1 149 -75
0 151 -84
-1 155 -92
-2 158 -102
-4 127 -112
-5 132 -122
-6 135 -127
-6 140 -132
-6 142 -135
-5 145 -136
-5 149 -139
-5 152 -141
-6 156 -143
-7 159 -144
-8 164 -145
-8 133 -147
-7 105 -149
-6 82 -155
-6 63 -158
-4 50 -165
-4 35 -170
-2 25 -173
-1 16 -176
0 10 -179
-2 4 -182
0 2 -184
-1 1 -188
-1 0 -189
0 0 -190
0 0 -191
1 -1 -191
1 -1 -192
2 -2 -191
3 -2 -194
3 -2 -196
4 -3 -197
5 -5 -195
6 -7 -190
6 -11 -184
5 -13 -178
5 -15 -174
5 -16 -173
4 -15 -171
3 -16 -169
4 -16 -166
6 -20 -165
6 -22 -163
7 -24 -160
8 -25 -158
8 -27 -155
7 -28 -152
8 -29 -149
8 -29 -147
9 -32 -144
11 -34 -142
11 -36 -140
14 -32 -136
16 -26 -131
15 -22 -128
16 -24 -121
19 -29 -115
23 -28 -107
26 -27 -98
27 -27 -91
28 -30 -83
29 -33 -77
29 -33 -73
29 -34 -70
28 -33 -67
27 -32 -64
26 -31 -63
24 -31 -61
24 -29 -59
23 -29 -59
22 -28 -59
21 -29 -58
19 -27 -58
18 -28 -57
16 -29 -55
16 -31 -53
16 -32 -50
16 -33 -46
17 -36 -41
19 -36 -37
22 -37 -32
23 -38 -25
26 -41 -18
27 -39 -13
27 -40 -11
26 -42 -6
24 -45 -2
23 -46 2
23 -47 4
23 -50 7
22 -51 10
22 -51 11
20 -51 12
18 -51 14
15 -50 14
13 -49 15
11 -47 17
9 -46 18
6 -46 20
4 -46 23
3 -43 28
5 -41 39
7 -40 50
10 -40 59
13 -40 66
15 -39 72
15 -38 78
15 -36 83
14 -33 89
14 -31 94
12 -29 98
11 -26 102
8 -23 105
6 -20 110
5 -17 115
3 -15 121
2 -13 127
2 -13 131
2 -12 135
1 -11 137
0 -10 137
0 -9 138
-1 -8 138
-2 -7 139
-2 -7 139
-3 -6 140
-3 -6 140
-2 -6 141
-3 -5 141
-3 -5 141
-4 -5 141
-4 -4 141
-4 -4 141
-4 -4 141
-4 -3 141
-4 -4 141
-4 -4 141
-4 -4 141
-5 -4 141
-5 -4 141
-5 -4 141
-5 -4 141
-5 -4 141
-6 -4 141
-6 -3 141
-6 -3 141
-6 -3 141
-6 -3 141
-6 -3 141
-6 -3 141
-6 -3 141
-6 -2 141
-6 -3 141
