58 64 56
58 69 55
59 73 53
59 76 51
58 78 49
58 79 46
58 80 44
57 80 41
56 80 39
56 80 37
55 79 35
55 79 33
54 78 31
54 78 30
53 77 28
53 76 27
53 76 26
52 75 24
52 74 24
52 74 23
51 73 22
51 73 21
51 72 20
51 72 20
50 71 19
50 71 19
50 71 18
50 70 18
50 70 18
50 70 17
50 70 17
50 69 17
50 69 16
50 69 16
50 69 16
50 69 16
50 68 16
50 68 16
50 68 15
50 68 15
50 68 15
50 68 15
50 68 15
50 68 15
50 68 15
50 68 15
50 68 15
50 68 15
50 67 15
50 67 15
50 67 15
50 67 15
50 67 15
50 67 14
50 67 14
50 67 14
50 67 14
50 67 14
49 67 14
49 67 14
49 67 14
49 67 14
49 67 14
49 67 14
49 67 14
50 67 14
50 67 14
50 67 14
50 67 14
50 67 14
50 67 14
50 67 14
50 67 14
50 67 14
50 67 14
50 67 14
50 67 14
50 67 14
50 67 14
50 67 14
50 67 14
50 67 14
50 67 14
50 67 14
50 67 14
50 67 14
50 67 14
50 67 14
50 67 14
50 67 14
50 67 14
50 67 14
50 67 14
50 67 14
51 67 14
50 67 14
50 67 14
50 67 14
50 67 14
50 67 14
50 67 14
50 67 14
50 67 14
50 67 14
51 67 14
51 67 14
51 67 14
51 67 14
51 67 14
50 67 14
50 67 14
50 67 14
51 67 14
51 67 14
51 67 14
51 67 14
51 67 14
51 67 14
51 67 14
51 67 14
50 67 14
51 67 14
51 67 14
51 67 14
51 67 14
51 66 14
51 66 14
51 67 14
51 67 14
51 67 14
51 67 14
51 67 14
50 67 14
50 67 14
50 67 14
50 67 14
50 67 14
50 67 14
50 67 14
50 67 14
51 67 14
51 67 14
51 67 14
51 67 14
51 67 14
51 67 14
51 66 14
51 66 14
51 66 14
51 66 14
51 66 14
51 66 14
51 66 14
51 66 14
52 66 14
52 66 14
52 66 14
52 66 14
52 66 14
52 66 14
52 66 14
52 66 14
52 66 14
52 66 14
52 66 14
52 66 14
52 66 14
53 66 14
53 66 14
53 66 14
53 66 14
53 66 14
53 66 14
53 65 14
53 65 14
53 65 14
53 65 14
53 65 14
53 65 14
53 65 14
53 66 14
53 66 14
53 66 14
52 66 14
52 66 14
52 66 14
52 66 14
52 66 15
52 66 15
52 66 15
52 66 15
52 66 15
52 66 14
52 66 14
52 66 14
52 66 14
52 66 14
51 67 14
51 67 14
51 67 14
51 67 14
51 67 14
51 67 14
51 67 14
50 67 14
50 67 14
49 68 14
47 70 14
45 72 14
42 74 14
39 77 14
36 80 14
32 82 14
28 85 14
24 88 14
21 90 14
17 92 14
15 93 14
12 95 14
10 96 14
9 96 14
8 97 14
7 97 14
6 97 13
6 97 13
6 97 13
5 97 13
5 97 13
5 97 13
6 97 13
7 96 13
9 95 13
11 94 13
13 93 13
15 91 13
18 90 13
21 88 13
23 87 13
26 85 13
28 84 13
30 82 13
32 81 13
34 80 13
36 79 14
38 78 14
40 77 14
41 76 14
42 75 14
43 74 13
44 73 13
45 73 13
46 72 13
46 72 13
47 71 13
47 71 13
48 71 13
48 70 13
48 70 13
49 70 13
49 70 13
49 70 13
49 69 13
49 69 13
49 69 13
50 69 13
50 69 13
50 69 13
50 69 14
51 69 14
51 69 14
51 68 14
51 68 14
51 68 14
52 68 14
52 68 14
52 68 14
52 68 14
52 68 14
52 68 14
52 68 14
52 68 14
52 68 14
52 68 14
52 68 14
52 68 14
52 68 14
52 68 14
52 68 14
52 68 14
52 69 14
52 69 14
52 69 14
52 69 14
52 69 15
52 69 15
53 69 15
53 69 15
54 68 15
55 68 15
55 68 15
55 68 15
55 68 16
55 68 16
55 68 16
55 67 16
55 67 16
55 67 16
55 67 16
55 67 16
55 67 16
55 67 16
54 67 16
54 67 16
54 67 16
54 67 16
54 68 16
54 68 16
54 68 16
53 68 15
53 68 15
53 68 15
52 68 15
52 69 15
52 69 15
51 69 15
51 69 15
51 69 15
51 69 16
51 69 16
51 69 16
51 69 16
51 68 16
51 68 16
51 68 15
51 68 15
51 69 15
51 69 15
51 69 15
50 69 15
50 69 15
50 69 15
50 69 15
50 69 16
50 69 16
50 69 16
50 69 16
50 69 16
50 69 16
50 68 16
50 68 16
50 68 16
50 68 16
50 68 16
50 68 16
50 68 16
50 68 16
50 68 16
50 68 15
50 68 15
50 68 15
50 68 15
50 68 16
50 68 16
50 68 16
50 68 16
50 68 16
50 68 16
50 68 16
50 68 16
50 68 16
50 68 16
50 68 16
50 68 16
50 68 16
50 68 16
50 68 16
50 67 16
50 67 15
50 67 15
50 67 15
50 67 15
50 67 15
50 67 15
50 67 15
50 67 15
50 67 15
50 67 15
50 67 15
50 67 15
50 67 15
50 67 15
50 67 15
50 67 15
50 67 15
50 67 15
50 67 15
50 67 15
50 67 15
50 67 15
50 67 15
50 67 15
50 67 15
50 67 15
50 67 15
50 67 15
50 67 15
50 67 15
50 67 15
50 67 15
50 67 15
50 67 15
50 67 15
50 67 15
50 67 15
50 67 15
50 67 15
50 67 15
50 67 15
50 67 15
50 67 15
50 67 15
50 67 15
50 67 15
50 67 15
50 67 15
50 67 15
50 67 15
50 66 15
50 66 15
50 66 15
50 66 15
50 66 15
50 66 15
50 66 15
50 66 15
50 66 15
50 66 15
50 66 15
50 66 15
50 66 15
50 66 15
50 66 15
50 66 15
50 66 15
50 66 15
50 66 15
50 66 15
50 66 15
51 66 15
51 66 15
51 66 15
51 66 15
51 66 15
51 66 15
51 66 15
51 66 15
51 66 15
51 66 15
51 66 15
51 66 15
51 66 15
51 66 15
51 66 15
51 66 15
51 66 15
51 66 15
51 66 15
51 66 15
51 66 15
51 66 15
51 66 15
51 66 15
51 66 15
51 66 15
51 66 15
51 66 15
51 66 15
51 66 15
51 66 15
51 66 15
51 66 15
51 66 15
51 66 15
51 66 15
51 66 15
51 66 15
51 66 15
51 66 15
51 66 15
51 66 15
51 66 15
51 66 15
51 66 15
51 66 15
51 66 15
51 66 15
51 66 15
51 66 15
51 66 15
51 66 15
51 66 15
51 66 15
51 66 15
51 66 15
51 66 15
51 66 15
51 66 15
51 66 15
51 66 15
51 66 15
51 66 15
51 66 15
51 66 15
51 66 15
51 66 15
51 66 15
51 66 15
51 66 15
51 66 15
51 66 15
51 66 15
51 66 15
51 66 15
51 66 15
51 66 15
51 66 15
51 66 15
51 66 15
51 66 15
51 66 15
51 66 15
51 66 15
51 66 14
51 66 14
51 66 15
51 66 15
51 66 14
51 66 14
51 66 14
51 65 14
51 66 14
51 66 14
51 66 14
51 66 14
51 66 14
51 66 14
51 65 14
51 65 14
52 65 15
52 65 15
52 65 15
52 65 15
52 65 15
52 65 15
52 65 15
52 65 15
52 65 15
52 65 15
52 65 15
52 65 15
52 65 15
52 65 15
52 65 15
52 65 15
52 65 15
52 65 15
52 65 15
52 65 15
52 65 15
52 65 15
52 65 15
52 65 15
52 65 15
52 65 15
52 65 15
52 65 15
52 65 15
52 65 15
52 65 15
52 65 15
52 65 15
52 65 15
52 65 15
52 65 15
52 65 15
52 65 15
52 65 15
52 65 15
52 65 15
52 65 15
52 65 15
52 65 15
52 65 15
52 65 15
52 65 15
52 65 15
52 65 15
52 65 15
52 65 15
53 65 15
53 65 15
53 65 15
53 65 15
53 65 15
53 65 15
53 65 15
53 65 15
53 65 15
53 65 15
53 65 15
53 65 15
53 65 15
53 65 15
53 65 15
53 65 15
53 65 15
53 65 15
53 65 15
53 65 15
53 65 15
53 65 15
53 65 15
53 65 15
53 65 15
53 65 15
53 65 15
53 65 15
53 65 15
53 65 15
53 65 15
53 65 15
53 65 15
53 65 15
53 65 15
53 65 15
53 65 14
53 65 14
53 65 14
53 65 14
53 65 14
53 65 14
53 65 15
53 65 14
53 65 14
53 64 14
53 64 14
53 64 14
53 65 14
53 65 14
53 65 14
53 65 14
53 65 14
53 65 14
53 64 14
53 64 14
53 64 14
53 64 14
53 64 14
53 64 14
53 64 14
53 64 14
53 64 14
53 64 14
53 64 14
53 64 14
53 64 14
53 64 14
53 64 14
53 64 14
53 64 14
53 64 14
53 64 14
53 64 14
53 64 14
53 64 15
53 64 15
53 64 15
53 64 14
53 64 14
53 64 14
53 64 14
53 64 14
53 64 14
53 64 14
53 64 14
53 64 14
53 64 14
53 64 14
53 64 14
53 64 14
53 64 14
53 64 14
53 64 14
53 64 14
53 64 14
53 64 14
54 64 14
54 64 14
54 64 14
54 64 15
54 64 15
54 64 15
54 64 15
54 64 15
54 64 15
54 64 15
54 64 15
54 64 15
54 64 15
54 64 15
54 64 15
54 64 15
54 64 15
54 64 15
54 64 15
54 64 15
54 64 15
54 64 15
54 64 15
54 64 15
54 64 15
54 64 15
54 64 15
54 64 15
54 64 15
54 64 15
54 64 15
54 64 15
54 64 15
54 64 15
54 64 15
54 64 15
54 64 15
54 64 15
54 64 15
54 64 15
55 64 15
55 64 15
55 64 15
55 64 15
55 64 15
55 64 15
55 63 15
55 63 15
56 63 15
57 62 14
58 61 14
60 59 14
62 57 14
64 54 14
66 51 13
69 48 13
72 45 13
74 42 13
76 39 13
78 36 13
79 34 14
81 31 14
81 29 14
82 26 14
83 24 14
83 22 14
83 20 15
83 19 15
82 17 15
82 16 15
82 15 15
82 14 16
81 14 16
81 13 16
81 12 16
81 12 16
81 11 16
81 11 16
81 11 16
81 10 17
81 10 17
81 10 17
81 9 17
81 9 17
81 9 17
81 9 17
81 9 17
81 8 17
82 8 17
82 8 18
82 8 18
82 8 18
82 8 18
82 8 18
82 8 18
82 8 18
82 8 18
83 8 18
83 8 18
83 7 18
83 7 18
83 7 18
83 7 17
83 7 17
83 7 17
83 7 17
83 7 17
83 7 17
83 7 17
83 7 17
83 7 17
83 7 17
83 7 17
83 7 17
83 7 17
83 7 17
83 7 17
83 7 17
83 7 17
83 7 17
83 7 17
83 7 17
83 7 17
83 7 17
83 7 17
83 7 17
83 7 17
83 7 17
83 7 17
83 7 17
83 7 17
83 7 17
83 7 17
83 7 17
83 7 17
83 7 17
83 7 17
83 7 17
83 7 17
83 7 17
83 7 16
83 7 16
83 7 16
83 7 16
83 7 16
83 7 16
83 7 16
83 7 16
83 7 16
83 7 16
83 7 16
83 7 16
83 7 16
83 7 16
83 7 16
83 7 16
83 7 16
83 7 16
83 7 16
83 7 16
83 7 16
83 7 16
83 7 16
83 7 16
83 7 16
83 7 16
83 7 16
83 7 16
83 7 16
83 7 16
83 7 16
83 7 16
83 7 16
82 7 16
82 7 16
82 7 16
82 7 16
82 7 16
82 7 16
82 7 16
82 7 16
82 7 16
82 7 16
82 7 16
82 7 16
82 7 16
82 7 16
82 7 16
82 7 16
82 7 16
82 7 16
82 7 16
83 7 16
83 7 16
83 7 16
83 7 16
82 7 16
82 7 16
82 7 16
82 7 16
82 7 16
82 7 16
82 7 16
82 7 16
82 7 16
82 7 16
82 7 16
82 7 16
82 7 16
82 7 16
82 7 16
82 7 16
82 7 16
82 7 16
82 7 16
82 7 16
82 7 16
82 7 16
82 7 16
82 7 16
82 7 16
82 7 16
82 7 16
82 7 16
82 7 16
82 7 16
82 7 16
82 7 16
82 7 16
82 7 16
82 7 16
82 7 16
82 7 16
82 7 16
82 7 16
82 7 16
82 7 16
82 7 16
82 7 16
82 7 16
82 7 16
82 7 16
82 7 16
82 7 16
82 7 16
82 7 16
82 7 16
82 7 16
82 7 16
82 7 16
82 7 16
82 7 16
82 7 16
82 6 16
82 6 16
82 6 16
82 6 16
82 6 16
82 6 16
82 6 16
82 6 16
82 6 16
82 6 16
82 6 16
82 6 16
82 6 16
82 6 16
82 6 16
82 6 16
82 6 16
82 6 16
82 6 16
82 6 16
82 6 16
82 6 16
82 6 16
82 6 16
82 6 16
82 6 16
82 6 16
82 6 16
82 6 16
82 6 16
82 6 16
82 6 16
82 6 16
82 6 16
82 6 16
82 6 16
82 6 16
82 6 16
82 6 16
82 6 16
83 7 16
84 7 16
84 8 16
85 8 17
87 10 17
88 11 17
90 13 18
91 16 18
92 20 19
92 25 19
91 30 20
90 35 20
87 42 20
83 49 20
78 55 21
71 62 21
64 69 21
56 76 21
48 82 21
39 88 21
31 93 21
22 97 21
15 101 21
8 104 21
1 106 21
-4 108 20
-8 110 20
-12 111 20
-15 112 20
-18 112 19
-19 113 19
-21 113 19
-21 113 19
-22 113 18
-23 113 18
-23 113 18
-23 113 18
-23 113 17
-24 113 17
-24 113 17
-24 113 17
-24 113 16
-24 113 16
-24 113 16
-24 113 15
-24 113 15
-24 113 15
-24 113 14
-24 112 14
-24 112 14
-24 112 14
-24 112 13
-23 112 13
-23 112 13
-23 112 13
-23 112 12
-23 111 12
-23 111 12
-22 111 12
-22 111 11
-22 111 11
-22 111 11
-22 111 11
-22 111 11
-22 111 11
-22 111 11
-22 111 10
-21 110 10
-21 110 10
-21 110 10
-21 110 10
-21 110 10
-21 110 10
-21 110 9
-21 110 9
-21 110 9
-21 110 9
-21 110 9
-21 110 9
-21 110 9
-20 110 9
-20 110 9
-20 110 9
-20 110 9
-20 109 9
-20 109 9
-20 109 9
-20 109 9
-20 109 8
-20 109 8
-20 109 8
-20 109 8
-20 109 8
-20 109 8
-20 109 8
-20 109 8
-20 109 8
-20 109 8
-20 109 8
-19 109 8
-19 109 8
-19 109 8
-19 109 8
-19 109 8
-19 109 8
-19 109 8
-19 109 8
-19 109 8
-19 109 8
-19 109 8
-19 109 8
-19 109 8
-18 109 8
-18 108 8
-18 108 8
-18 108 8
-18 108 8
-18 108 8
-18 108 8
-18 108 8
-18 108 8
-18 108 8
-18 108 8
-18 108 8
-18 108 8
-18 108 8
-18 108 8
-18 108 8
-18 108 8
-18 108 8
-18 108 8
-18 108 8
-18 108 8
-18 108 8
-18 108 8
-18 108 8
-18 108 8
-18 108 8
-18 108 8
-18 108 8
-18 108 8
-18 108 8
-18 108 8
-17 108 8
-17 108 8
-17 108 8
-17 108 8
-17 108 8
-17 108 8
-17 108 8
-17 108 8
-17 108 8
-17 108 7
-17 108 7
-17 108 7
-17 108 7
-17 108 7
-17 108 7
-17 108 7
-17 108 7
-17 108 7
-17 108 7
-17 108 7
-17 108 7
-17 108 7
-17 108 7
-17 108 7
-17 108 7
-17 108 7
-17 107 7
-17 107 7
-17 107 7
-17 107 7
-17 107 7
-17 107 7
-17 107 7
-17 107 7
-17 107 7
-17 107 7
-17 107 7
-17 107 7
-17 107 7
-17 107 7
-17 107 7
-17 107 7
-17 107 7
-17 107 7
-17 107 7
-17 107 7
-17 107 7
-17 107 8
-17 107 8
-17 107 8
-17 107 8
-17 107 8
-17 107 7
-17 107 7
-17 107 7
-17 107 7
-17 107 7
-17 107 7
-17 107 7
-17 107 7
-17 107 7
-17 107 7
-17 107 7
-17 107 7
-17 107 7
-17 107 7
-17 107 7
-16 107 7
-16 107 7
-16 107 7
-16 107 7
-16 107 7
-16 107 7
-16 107 7
-16 107 7
-16 107 7
-16 107 7
-16 107 7
-16 107 7
-16 107 7
-16 107 7
-16 107 7
-16 107 7
-16 107 7
-16 107 7
-16 107 7
-15 107 7
-15 107 7
-15 107 7
-15 107 7
-15 106 7
-15 106 7
-15 106 7
-15 106 7
-15 106 7
-15 106 7
-15 106 7
-15 106 7
-15 106 7
-15 106 7
-14 106 7
-14 106 7
-14 106 7
-14 106 7
-14 106 7
-14 106 7
-14 106 7
-14 106 7
-13 106 7
-13 106 7
-13 106 7
-13 106 7
-13 106 7
-13 106 7
-13 106 7
-13 106 7
-12 105 7
-12 105 7
-11 105 7
-9 104 8
-6 103 8
-2 102 8
1 99 8
7 97 8
13 93 8
19 90 8
25 86 8
31 82 8
37 78 8
43 74 8
47 70 8
51 66 8
55 63 8
58 61 8
61 59 8
63 56 9
65 54 9
67 53 9
69 51 9
70 49 10
71 48 10
72 47 10
73 46 10
74 45 10
74 45 10
74 45 9
73 45 9
73 46 9
72 46 9
71 47 8
70 48 7
68 48 6
67 49 5
65 49 4
64 49 3
63 49 2
63 49 2
63 48 1
63 48 0
63 48 0
63 47 0
62 47 0
62 47 0
62 47 0
62 47 0
62 47 0
62 46 0
63 46 0
65 45 0
67 44 1
69 44 3
72 43 4
74 42 6
77 41 9
79 41 11
82 41 14
83 40 16
85 40 17
85 40 19
86 40 20
87 41 21
87 41 21
87 41 22
87 41 22
87 41 22
87 41 22
87 41 22
87 42 22
87 42 23
87 43 23
87 43 24
88 43 24
88 44 25
88 44 26
88 44 26
88 45 27
88 45 28
88 45 28
89 45 29
89 45 30
89 45 30
89 45 31
89 45 32
90 45 32
90 45 33
90 45 33
90 45 34
90 45 34
90 45 35
90 45 35
90 45 36
90 45 36
90 45 37
90 45 37
90 45 37
91 45 38
91 45 38
91 45 38
91 45 39
91 45 39
90 45 39
90 45 39
90 45 40
90 45 40
91 45 40
91 45 41
91 45 41
91 45 41
91 44 42
91 44 42
91 44 42
91 44 42
91 44 43
91 44 43
91 43 43
91 43 43
91 43 43
91 43 43
91 43 43
91 43 44
91 43 44
91 42 44
91 42 44
91 42 44
91 42 44
91 42 44
91 42 44
91 42 44
91 42 44
91 42 44
91 41 45
91 41 45
91 41 45
91 41 45
91 41 45
91 41 45
91 41 45
91 41 45
91 41 45
91 41 45
91 41 45
91 41 45
91 41 45
91 41 45
91 41 45
91 41 45
91 41 45
91 41 45
91 41 45
92 41 45
92 41 45
91 41 45
91 41 45
91 41 45
91 41 45
91 41 45
91 41 45
91 41 45
91 40 45
92 40 45
92 40 45
91 40 45
91 40 45
91 40 45
91 40 45
91 40 46
91 40 46
91 40 46
91 40 46
91 40 46
92 40 46
92 40 46
92 40 46
92 40 46
92 40 46
92 40 46
92 40 46
92 40 46
92 40 46
92 40 46
92 40 46
92 40 46
92 40 46
92 40 46
92 40 46
92 40 46
92 40 46
92 40 46
92 40 46
92 40 46
92 40 46
92 40 46
92 40 46
92 40 46
92 40 46
92 40 46
92 40 46
92 40 46
92 40 46
92 39 46
92 39 46
92 39 46
92 39 46
92 39 46
92 39 46
92 39 46
92 39 46
92 39 46
92 39 46
92 39 46
92 39 46
92 39 46
92 39 46
92 39 46
92 39 46
92 39 46
92 39 46
92 39 46
92 39 46
92 39 46
92 39 46
92 39 46
92 39 46
92 39 46
92 39 46
92 39 46
92 39 46
92 39 46
92 39 46
92 39 46
92 39 46
92 39 46
92 39 46
92 39 46
92 39 46
92 38 46
92 38 46
92 38 46
92 39 46
92 39 45
92 39 45
92 39 44
93 40 43
93 40 42
93 40 41
93 40 40
93 41 39
93 41 38
92 41 37
92 42 35
92 42 34
92 42 33
91 43 31
90 43 30
90 44 29
89 44 27
88 45 26
87 46 25
86 47 24
84 48 23
83 49 22
82 49 21
81 50 20
80 51 20
79 51 19
79 52 18
78 52 17
77 52 16
76 52 15
76 52 14
75 52 13
75 52 11
74 51 10
74 51 9
73 50 8
73 49 6
73 48 5
72 47 4
72 46 2
72 45 1
71 44 0
71 43 -1
71 41 -3
71 40 -4
71 39 -5
71 37 -6
71 36 -8
71 34 -9
71 33 -10
71 32 -11
71 30 -12
71 29 -13
71 27 -14
71 26 -15
71 25 -16
71 23 -17
71 22 -18
71 21 -19
71 20 -20
71 18 -20
71 17 -21
71 16 -22
71 15 -22
71 14 -23
71 13 -24
71 12 -24
71 11 -25
71 10 -25
71 10 -26
71 9 -26
71 8 -27
71 7 -27
70 7 -27
70 6 -28
70 5 -28
70 4 -29
70 4 -29
70 3 -29
70 3 -30
70 2 -30
70 2 -30
70 1 -30
70 1 -31
70 1 -31
70 0 -31
70 0 -31
70 0 -31
70 0 -32
69 0 -32
69 0 -32
69 0 -32
69 0 -32
69 -1 -32
69 -1 -32
69 -1 -33
69 -1 -33
69 -2 -33
69 -2 -33
69 -2 -33
69 -2 -33
69 -2 -33
69 -2 -33
69 -3 -33
69 -3 -33
69 -3 -33
69 -3 -33
69 -3 -33
69 -3 -34
69 -3 -34
69 -3 -34
69 -4 -34
69 -4 -34
69 -4 -34
69 -4 -34
69 -5 -34
69 -5 -34
69 -5 -34
69 -5 -34
69 -5 -34
69 -5 -34
69 -5 -34
68 -5 -34
68 -5 -34
68 -5 -34
68 -5 -34
68 -5 -34
68 -5 -34
68 -5 -34
68 -6 -34
68 -6 -34
68 -6 -34
68 -6 -35
68 -6 -35
68 -6 -35
68 -6 -35
68 -6 -35
68 -6 -35
68 -6 -35
68 -6 -35
68 -6 -35
68 -6 -35
68 -6 -35
68 -6 -35
68 -6 -35
68 -6 -35
68 -6 -35
68 -6 -35
68 -6 -35
68 -6 -35
68 -6 -35
68 -6 -35
68 -6 -35
68 -6 -35
68 -6 -35
68 -6 -35
68 -6 -35
68 -6 -35
68 -6 -35
68 -6 -35
68 -6 -35
68 -6 -35
68 -6 -35
68 -6 -35
68 -6 -35
68 -6 -35
68 -6 -35
68 -6 -35
68 -6 -35
68 -6 -35
68 -6 -35
68 -6 -35
68 -6 -35
67 -6 -35
67 -6 -35
67 -6 -35
68 -6 -35
68 -6 -35
68 -6 -35
68 -6 -35
68 -6 -35
68 -6 -35
68 -6 -35
68 -6 -35
68 -6 -35
68 -6 -35
68 -6 -35
68 -6 -35
68 -6 -35
68 -6 -35
68 -6 -35
68 -6 -35
68 -6 -35
68 -6 -35
68 -6 -35
68 -6 -35
68 -6 -35
68 -6 -34
68 -6 -34
68 -6 -34
68 -6 -34
68 -6 -34
68 -6 -34
68 -6 -34
68 -6 -34
68 -6 -34
68 -6 -34
68 -6 -34
68 -6 -34
68 -6 -34
68 -6 -34
68 -6 -34
68 -6 -34
68 -5 -34
68 -5 -34
68 -5 -34
68 -5 -34
68 -5 -34
68 -5 -34
68 -5 -34
68 -5 -34
68 -6 -34
68 -6 -34
68 -6 -34
68 -6 -34
68 -6 -34
68 -6 -34
68 -6 -34
68 -6 -34
68 -6 -34
68 -6 -34
68 -6 -34
68 -6 -34
68 -6 -34
68 -6 -34
68 -6 -34
68 -6 -34
68 -6 -34
68 -6 -34
68 -5 -34
68 -5 -34
68 -5 -34
68 -5 -34
68 -5 -34
68 -5 -34
68 -5 -34
68 -5 -34
68 -5 -34
68 -5 -34
68 -5 -34
68 -5 -34
68 -5 -34
68 -5 -34
68 -5 -34
68 -5 -34
68 -5 -34
68 -5 -34
68 -5 -34
68 -5 -34
68 -5 -34
68 -5 -34
68 -5 -33
68 -5 -33
68 -5 -33
68 -4 -33
68 -4 -33
69 -4 -33
69 -4 -32
69 -3 -32
69 -3 -32
69 -3 -31
70 -3 -31
70 -2 -30
71 -2 -29
73 -2 -28
74 -2 -27
76 -2 -26
79 -1 -24
81 -1 -22
83 -1 -21
85 -1 -19
87 -1 -16
89 -1 -14
90 -1 -13
91 0 -11
92 0 -9
93 0 -7
94 0 -6
94 1 -5
94 1 -4
94 2 -4
95 3 -3
95 4 -3
94 4 -3
94 5 -2
94 6 -2
94 8 -1
94 9 0
94 10 0
94 11 1
94 12 2
94 13 3
94 13 4
94 14 5
94 15 7
94 15 8
94 16 9
94 16 10
94 17 11
93 17 12
93 17 13
93 18 14
92 18 16
92 19 17
92 19 17
91 20 18
91 20 19
91 21 20
90 21 21
90 21 22
89 22 23
89 22 23
88 23 24
88 23 25
87 24 26
87 24 26
86 25 27
86 25 27
85 26 28
84 26 28
84 27 29
83 27 29
83 27 30
82 28 30
82 28 31
81 29 31
81 29 31
80 29 32
80 30 32
79 30 32
79 30 33
79 30 33
78 31 33
78 31 33
78 31 33
77 31 34
77 32 34
77 32 34
76 32 34
76 32 34
76 32 34
76 33 35
75 33 35
75 33 35
75 33 35
75 33 35
75 33 35
74 33 35
74 34 35
74 34 35
74 34 35
74 34 36
74 34 36
74 34 36
73 34 36
73 34 36
73 34 36
73 34 36
73 34 36
73 34 36
73 34 36
73 34 36
73 34 36
73 34 36
73 34 36
73 34 36
73 34 36
73 34 36
73 34 36
73 34 36
72 34 36
72 34 36
72 34 36
72 34 36
72 34 36
72 34 36
72 34 36
72 34 36
72 34 36
72 34 36
72 34 36
72 34 36
72 34 36
72 34 36
72 34 36
72 34 36
72 34 36
72 34 37
72 34 37
72 34 37
72 34 37
72 34 37
72 34 37
72 34 37
72 34 37
72 34 37
72 34 37
72 34 37
72 34 37
72 34 37
72 34 37
72 34 37
72 34 37
72 34 37
72 34 37
72 34 37
72 34 37
72 34 37
72 34 37
72 33 37
72 33 37
72 33 37
72 33 37
72 33 37
72 34 37
72 33 37
72 33 37
72 33 37
72 33 37
72 33 37
72 33 37
72 33 37
72 33 37
73 33 37
73 33 37
73 33 37
73 33 37
73 33 37
73 33 37
73 33 37
73 33 37
73 33 37
73 33 37
73 33 37
73 33 37
73 33 37
73 33 37
73 33 37
73 33 37
73 33 37
73 33 37
73 33 37
73 33 37
73 33 37
73 33 37
73 33 37
73 33 37
73 33 37
73 33 37
73 33 37
73 33 37
73 33 37
73 33 37
73 33 37
73 33 37
73 33 37
73 33 37
73 33 37
73 33 37
73 33 37
73 33 37
73 33 37
73 33 37
73 33 37
73 33 37
73 33 37
73 33 37
73 33 37
73 33 36
73 33 36
73 33 36
73 33 36
73 34 36
73 34 36
73 34 36
73 34 36
74 35 36
74 35 36
74 35 35
74 35 35
74 36 35
74 36 35
74 37 35
74 37 34
75 38 34
75 40 33
76 41 32
76 43 31
77 45 29
78 48 27
78 50 25
78 53 23
78 55 22
77 57 21
75 59 20
74 61 19
73 62 19
71 63 19
70 64 18
69 65 18
68 66 18
67 66 18
66 67 17
65 68 17
63 69 17
62 69 17
61 70 17
60 70 17
60 70 17
59 70 17
58 71 17
57 71 17
56 71 17
54 70 17
53 70 17
52 70 17
50 70 17
48 70 18
47 69 18
45 69 18
43 68 19
41 67 19
39 67 19
37 66 20
35 65 20
33 64 21
31 64 22
29 63 22
27 62 23
26 61 23
24 61 24
23 60 25
21 59 25
20 58 26
19 57 26
17 57 27
16 56 27
15 55 28
14 55 28
13 54 29
12 54 29
11 53 29
10 53 30
9 52 30
9 52 31
8 51 31
7 51 31
7 50 32
6 50 32
6 50 32
5 49 32
5 49 33
4 49 33
4 49 33
4 48 33
3 48 33
3 48 34
2 47 34
2 47 34
2 47 34
2 47 34
1 47 35
1 47 35
1 46 35
1 46 35
1 46 35
1 46 35
0 46 35
0 46 35
0 46 35
0 46 36
0 46 36
0 46 36
0 45 36
0 45 36
0 45 36
0 45 36
0 45 36
0 45 36
0 45 36
0 45 36
0 45 36
0 45 36
0 45 36
0 45 36
0 45 36
0 45 37
0 45 37
0 45 37
0 45 37
0 45 37
0 45 37
0 45 37
0 45 37
0 45 37
0 45 37
0 45 37
0 45 37
0 45 37
0 45 37
0 45 37
0 45 37
0 45 37
0 45 37
0 45 37
0 45 37
0 45 37
0 45 37
0 45 37
0 45 37
0 45 37
0 45 37
0 45 37
0 45 37
0 45 37
0 45 37
0 45 37
0 45 37
0 45 37
0 45 37
0 45 37
0 45 37
0 45 37
1 45 37
1 45 37
1 45 37
1 45 37
1 45 37
1 45 37
1 45 37
1 45 37
1 45 37
1 45 37
1 45 37
1 45 37
1 45 37
1 45 37
1 45 37
1 45 37
1 45 37
1 45 37
1 45 37
1 45 37
1 45 37
1 45 37
1 45 37
1 45 37
1 45 37
1 45 37
1 45 37
1 45 37
2 45 37
2 45 37
2 45 37
2 45 37
2 45 37
2 45 37
2 45 37
2 46 37
2 46 37
2 46 37
2 46 37
2 46 37
2 46 37
2 46 37
2 46 37
2 46 37
2 46 37
2 46 37
2 46 37
2 46 37
2 46 37
2 46 37
2 46 37
2 46 37
2 46 37
2 46 37
2 46 37
2 46 37
2 46 37
2 46 37
3 46 37
3 46 37
3 46 37
3 46 37
3 46 37
3 46 37
3 46 37
3 46 37
3 46 37
3 46 37
3 46 37
3 46 37
3 46 37
3 46 37
4 46 37
4 47 37
4 47 37
5 47 37
5 48 36
5 48 36
6 48 36
6 48 36
7 49 36
7 49 35
8 49 35
9 50 35
10 50 34
11 51 34
12 51 33
14 52 33
15 52 33
17 53 32
18 53 32
19 53 31
21 53 31
22 54 30
24 54 29
25 54 29
27 54 28
28 53 28
29 53 27
32 54 28
33 54 28
34 54 27
35 54 27
36 54 27
37 54 27
36 54 27
37 54 27
37 54 27
37 53 26
37 53 25
38 54 25
38 54 25
39 54 25
39 54 25
40 55 24
41 55 24
42 55 24
41 55 23
41 55 23
41 55 22
42 55 22
42 55 21
43 55 21
43 55 21
44 55 21
44 55 20
43 54 18
41 53 16
41 52 15
40 52 14
41 51 14
41 52 14
42 52 14
42 52 14
43 52 14
44 53 14
44 53 14
45 54 15
45 54 15
46 54 15
46 54 15
