10 -76 0
10 -76 0
10 -76 0
10 -76 0
10 -76 0
10 -76 0
11 -76 0
11 -76 0
11 -76 0
12 -76 0
12 -76 0
12 -76 0
13 -76 0
13 -76 0
14 -75 0
14 -75 0
14 -75 0
15 -75 0
15 -75 0
15 -74 0
15 -74 0
15 -74 0
15 -74 0
14 -74 0
14 -74 0
13 -74 0
12 -74 0
10 -74 0
9 -75 0
7 -75 0
5 -76 0
2 -76 0
0 -77 0
-1 -78 0
-3 -79 0
-5 -79 0
-7 -80 0
-8 -81 0
-9 -81 0
-9 -81 0
-9 -81 0
-8 -82 0
-8 -81 0
-7 -81 0
-6 -81 0
-5 -80 0
-4 -80 0
-3 -79 0
-1 -79 0
0 -78 0
0 -78 0
1 -77 0
2 -77 0
3 -76 0
4 -76 0
5 -75 0
6 -75 0
6 -75 0
7 -74 0
7 -74 0
7 -74 0
7 -74 0
7 -74 0
7 -74 0
7 -74 0
7 -74 0
7 -74 0
7 -74 0
7 -74 0
6 -75 0
6 -75 0
6 -75 0
6 -75 0
6 -75 0
6 -75 0
6 -75 0
7 -75 0
7 -75 0
7 -75 0
7 -75 0
7 -75 0
7 -75 0
7 -74 0
8 -74 0
8 -74 0
8 -74 0
8 -74 0
8 -74 0
8 -74 0
8 -74 0
8 -74 0
8 -74 0
8 -74 0
8 -74 0
8 -74 0
8 -74 0
7 -74 0
7 -74 0
7 -74 0
7 -74 0
7 -75 0
7 -75 0
6 -75 0
6 -75 0
6 -76 0
6 -76 0
6 -76 0
6 -76 0
6 -76 0
6 -76 0
7 -76 0
7 -75 0
7 -75 0
7 -74 0
7 -74 0
7 -73 0
7 -72 0
7 -72 0
7 -71 0
7 -71 0
7 -70 0
7 -70 0
7 -69 0
7 -69 0
7 -69 0
7 -69 0
7 -69 0
7 -69 0
7 -70 0
7 -70 0
7 -71 0
7 -71 0
7 -72 0
8 -72 0
8 -73 0
8 -73 0
9 -74 0
9 -74 0
10 -75 0
10 -75 0
11 -75 0
11 -75 0
11 -76 0
12 -76 0
12 -76 0
12 -76 0
12 -76 0
12 -75 0
12 -75 0
12 -75 0
11 -75 0
11 -75 0
11 -75 0
11 -75 0
10 -75 0
10 -75 0
10 -75 0
10 -75 0
10 -75 0
10 -75 0
10 -75 0
10 -75 0
10 -75 0
10 -74 0
10 -74 0
11 -74 0
11 -74 0
11 -74 0
11 -74 0
12 -74 0
12 -74 0
12 -74 0
12 -74 0
12 -73 0
12 -73 0
12 -73 0
12 -73 0
12 -73 0
12 -73 0
12 -73 0
12 -73 0
12 -73 0
12 -73 0
12 -73 0
12 -74 0
12 -74 0
12 -74 0
12 -74 0
12 -74 0
12 -74 0
12 -74 0
12 -74 0
12 -74 0
12 -74 0
12 -74 0
12 -74 0
12 -74 0
12 -75 0
12 -75 0
12 -75 0
12 -75 0
12 -75 0
12 -75 0
12 -75 0
12 -75 0
12 -75 0
12 -75 0
12 -75 0
12 -75 0
12 -75 0
12 -75 0
12 -75 0
12 -75 0
12 -75 0
12 -75 0
11 -75 0
11 -75 0
11 -75 0
11 -75 0
11 -75 0
11 -75 0
11 -75 0
11 -75 0
11 -75 0
11 -75 0
11 -75 0
11 -75 0
11 -75 0
11 -75 0
11 -75 0
11 -75 0
11 -75 0
11 -75 0
11 -75 0
11 -75 0
11 -75 0
11 -75 0
11 -75 0
11 -75 0
11 -75 0
11 -75 0
11 -75 0
11 -75 0
11 -75 0
11 -75 0
11 -75 0
11 -75 0
11 -75 0
11 -75 0
11 -75 0
11 -75 0
11 -75 0
11 -75 0
11 -75 0
11 -75 0
11 -75 0
11 -75 0
11 -75 0
10 -75 0
10 -75 0
10 -75 0
10 -75 0
10 -75 0
10 -75 0
10 -75 0
10 -75 0
10 -75 0
10 -75 0
10 -75 0
10 -75 0
10 -75 0
10 -75 0
10 -75 0
10 -75 0
10 -75 0
10 -75 0
10 -75 0
10 -75 0
10 -75 0
10 -75 0
10 -75 0
10 -75 0
10 -75 0
10 -75 0
10 -75 0
10 -75 0
10 -75 0
10 -75 0
10 -75 0
10 -75 0
10 -75 0
10 -75 0
10 -75 0
10 -75 0
10 -75 0
11 -75 0
11 -75 0
11 -75 0
11 -75 0
11 -75 0
11 -75 0
11 -75 0
11 -75 0
11 -75 0
11 -75 0
11 -75 0
11 -75 0
11 -75 0
11 -75 0
11 -75 0
11 -75 0
11 -75 0
11 -75 0
11 -75 0
11 -75 0
11 -75 0
11 -75 0
11 -75 0
11 -75 0
11 -75 0
11 -75 0
11 -75 0
11 -75 0
11 -75 0
11 -75 0
11 -75 0
11 -75 0
11 -75 0
11 -75 0
11 -75 0
11 -75 0
11 -75 0
11 -75 0
11 -75 0
11 -75 0
11 -75 0
11 -75 0
11 -75 0
11 -75 0
11 -75 0
11 -75 0
11 -75 0
11 -75 0
11 -75 0
11 -75 0
11 -75 0
11 -75 0
11 -75 0
11 -75 0
11 -75 0
11 -75 0
11 -75 0
11 -75 0
11 -75 0
11 -75 0
11 -75 0
11 -75 0
11 -75 0
11 -75 0
11 -75 0
11 -75 0
11 -75 0
11 -75 0
11 -75 0
11 -75 0
11 -75 0
11 -75 0
11 -75 0
11 -75 0
11 -75 0
11 -75 0
11 -75 0
11 -75 0
11 -75 0
11 -75 0
11 -75 0
11 -75 0
11 -75 0
11 -75 0
11 -75 0
10 -75 0
10 -75 0
10 -75 0
10 -75 0
10 -75 0
10 -75 0
10 -75 0
10 -75 0
10 -75 0
10 -75 0
10 -75 0
10 -75 0
10 -75 0
10 -75 0
10 -75 0
10 -75 0
10 -75 0
10 -75 0
10 -75 0
10 -75 0
10 -75 0
10 -75 0
10 -75 0
10 -75 0
10 -75 0
10 -75 0
10 -75 0
10 -75 0
10 -75 0
10 -75 0
10 -75 0
10 -75 0
10 -75 0
10 -75 0
10 -75 0
10 -75 0
10 -75 0
10 -75 0
10 -75 0
10 -75 0
10 -75 0
10 -75 0
10 -75 0
10 -75 0
10 -75 0
10 -75 0
10 -75 0
10 -75 0
10 -75 0
10 -75 0
10 -75 0
10 -75 0
10 -75 0
10 -75 0
11 -75 0
11 -75 0
11 -75 0
11 -75 0
11 -75 0
11 -75 0
11 -75 0
11 -75 0
11 -75 0
11 -75 0
11 -75 0
11 -75 0
11 -75 0
11 -75 0
11 -75 0
11 -75 0
11 -75 0
11 -75 0
11 -75 0
11 -75 0
11 -75 0
11 -75 0
11 -75 0
11 -75 0
11 -75 0
11 -75 0
11 -75 0
11 -75 0
11 -75 0
11 -75 0
11 -75 0
11 -75 0
11 -75 0
11 -75 0
11 -75 0
11 -75 0
11 -75 0
11 -75 0
11 -75 0
11 -75 0
11 -75 0
11 -75 0
11 -75 0
11 -75 0
11 -75 0
11 -75 0
11 -75 0
11 -75 0
11 -75 0
11 -75 0
11 -75 0
11 -75 0
11 -75 0
11 -75 0
11 -75 0
11 -75 0
11 -75 0
11 -75 0
11 -75 0
10 -75 0
10 -75 0
10 -75 0
10 -75 0
10 -75 0
10 -75 0
10 -75 0
10 -75 0
10 -75 0
10 -75 0
10 -75 0
10 -75 0
10 -75 0
10 -75 0
10 -75 0
10 -75 0
10 -75 0
10 -75 0
10 -75 0
10 -75 0
10 -75 0
10 -75 0
10 -75 0
10 -75 0
10 -75 0
10 -75 0
10 -75 0
10 -75 0
10 -75 0
10 -75 0
10 -75 0
10 -75 0
10 -75 0
10 -75 0
10 -75 0
10 -75 0
10 -75 0
10 -75 0
10 -75 0
10 -75 0
10 -75 0
10 -75 0
10 -75 0
10 -75 0
10 -75 0
10 -75 0
10 -75 0
10 -75 0
10 -75 0
10 -75 0
10 -75 0
10 -75 0
10 -75 0
10 -75 0
10 -75 0
10 -75 0
10 -75 0
10 -75 0
10 -75 0
10 -75 0
9 -75 0
9 -75 0
8 -75 0
8 -75 0
7 -75 0
6 -75 0
5 -75 0
5 -75 0
4 -75 0
3 -75 0
3 -75 0
3 -74 0
3 -74 0
3 -73 0
3 -73 0
4 -72 0
4 -71 0
5 -71 0
6 -70 0
7 -69 0
8 -68 0
9 -68 0
10 -67 0
10 -67 0
11 -66 0
11 -66 0
11 -66 0
11 -66 0
11 -66 0
11 -67 0
10 -67 0
10 -67 0
9 -68 0
8 -68 0
7 -69 0
7 -69 0
6 -70 0
5 -70 0
5 -71 0
4 -71 0
4 -71 0
4 -72 0
4 -72 0
4 -72 0
4 -72 0
4 -72 0
4 -72 0
4 -72 0
4 -72 0
5 -72 0
5 -72 0
5 -72 0
5 -72 0
5 -72 0
5 -72 0
5 -72 0
5 -72 0
5 -72 0
5 -72 0
5 -72 0
4 -72 0
4 -72 0
4 -72 0
4 -72 0
4 -72 0
4 -72 0
4 -72 0
4 -72 0
4 -72 0
4 -72 0
5 -72 0
5 -72 0
5 -72 0
5 -72 0
5 -72 0
5 -73 0
5 -73 0
5 -73 0
5 -73 0
5 -73 0
5 -73 0
5 -73 0
5 -73 0
5 -73 0
5 -73 0
5 -73 0
5 -73 0
5 -73 0
5 -73 0
5 -73 0
5 -73 0
5 -73 0
5 -73 0
5 -73 0
5 -73 0
5 -73 0
5 -73 0
5 -73 0
5 -73 0
5 -73 0
5 -73 0
5 -73 0
5 -73 0
5 -73 0
5 -73 0
5 -73 0
4 -73 0
4 -73 0
4 -73 0
4 -73 0
4 -73 0
4 -73 0
4 -73 0
4 -73 0
4 -73 0
4 -73 0
4 -73 0
4 -73 0
5 -73 0
5 -73 0
5 -73 0
5 -73 0
5 -73 0
5 -73 0
5 -73 0
5 -73 0
5 -73 0
5 -73 0
5 -73 0
5 -73 0
5 -74 0
5 -74 0
5 -74 0
5 -74 0
5 -74 0
5 -74 0
5 -74 0
5 -74 0
5 -74 0
5 -74 0
5 -74 0
5 -74 0
5 -74 0
5 -74 0
5 -74 0
5 -73 0
5 -73 0
5 -73 0
5 -73 0
5 -73 0
5 -73 0
5 -73 0
4 -73 0
4 -73 0
4 -73 0
4 -73 0
4 -73 0
4 -73 0
4 -73 0
4 -73 0
4 -73 0
4 -73 0
4 -73 0
4 -73 0
4 -73 0
4 -73 0
4 -73 0
4 -73 0
4 -73 0
4 -73 0
4 -73 0
4 -73 0
4 -73 0
4 -73 0
5 -73 0
5 -73 0
5 -73 0
5 -73 0
5 -73 0
5 -73 0
5 -73 0
5 -73 0
5 -73 0
5 -73 0
5 -73 0
5 -73 0
5 -73 0
5 -73 0
4 -73 0
4 -73 0
4 -73 0
4 -73 0
4 -73 0
4 -73 0
4 -73 0
4 -73 0
4 -73 0
4 -73 0
4 -73 0
4 -73 0
4 -73 0
4 -73 0
4 -73 0
4 -73 0
4 -73 0
4 -73 0
4 -73 0
4 -73 0
4 -73 0
4 -73 0
4 -73 0
4 -73 0
4 -73 0
4 -73 0
4 -73 0
4 -73 0
4 -73 0
4 -73 0
4 -73 0
4 -73 0
4 -73 0
4 -73 0
4 -73 0
4 -73 0
4 -73 0
4 -73 0
4 -73 0
4 -73 0
4 -73 0
4 -73 0
4 -73 0
4 -73 0
4 -73 0
4 -73 0
4 -73 0
4 -73 0
4 -73 0
4 -73 0
4 -73 0
4 -73 0
4 -73 0
4 -73 0
4 -73 0
5 -73 0
5 -73 0
5 -73 0
6 -72 0
6 -72 0
7 -72 0
7 -71 0
8 -71 0
8 -70 0
9 -69 0
10 -68 0
10 -67 0
11 -66 0
11 -65 0
11 -63 0
11 -62 0
10 -61 0
10 -60 0
9 -58 0
8 -58 0
7 -57 0
6 -56 0
4 -56 0
3 -57 0
1 -57 0
0 -58 0
-1 -59 0
-3 -61 0
-5 -62 0
-6 -65 0
-8 -67 0
-9 -69 0
-10 -72 0
-10 -75 0
-11 -77 0
-11 -80 0
-11 -82 0
-10 -83 0
-10 -85 0
-9 -86 0
-8 -87 0
-7 -87 0
-6 -87 0
-5 -87 0
-4 -86 0
-4 -86 0
-3 -85 0
-2 -84 0
-2 -83 0
-2 -83 0
-1 -82 0
-1 -81 0
-1 -81 0
-1 -81 0
-1 -80 0
-2 -80 0
-2 -80 0
-2 -81 0
-2 -81 0
-2 -81 0
-2 -81 0
-2 -82 0
-2 -82 0
-2 -82 0
-2 -82 0
-2 -82 0
-2 -82 0
-1 -82 0
-1 -82 0
-1 -82 0
-1 -82 0
-1 -82 0
-1 -82 0
-1 -81 0
-1 -81 0
-1 -81 0
-1 -81 0
-1 -81 0
-1 -81 0
-1 -81 0
-1 -81 0
-1 -81 0
-1 -81 0
-1 -81 0
-1 -81 0
-1 -81 0
-1 -81 0
-1 -81 0
-1 -82 0
-1 -82 0
-1 -82 0
-1 -82 0
-1 -82 0
-1 -82 0
-1 -82 0
-1 -82 0
-1 -82 0
-1 -82 0
-1 -82 0
-1 -82 0
-1 -82 0
-1 -82 0
-1 -82 0
-1 -82 0
-1 -82 0
-1 -82 0
-1 -82 0
-1 -82 0
-1 -82 0
-1 -82 0
-1 -81 0
-1 -81 0
-1 -81 0
-1 -81 0
-1 -81 0
-1 -81 0
-1 -81 0
-1 -81 0
-1 -81 0
0 -81 0
0 -81 0
0 -81 0
0 -81 0
0 -81 0
0 -81 0
0 -81 0
0 -81 0
0 -81 0
0 -81 0
0 -81 0
0 -81 0
0 -81 0
0 -81 0
0 -81 0
0 -81 0
0 -81 0
-1 -81 0
-1 -81 0
-1 -81 0
-1 -81 0
-1 -81 0
-1 -81 0
-1 -81 0
-1 -81 0
-1 -81 0
0 -81 0
0 -81 0
0 -81 0
0 -82 0
0 -82 0
0 -82 0
0 -82 0
0 -82 0
0 -82 0
0 -82 0
0 -82 0
0 -82 0
0 -82 0
0 -82 0
0 -82 0
0 -82 0
0 -82 0
0 -82 0
0 -82 0
0 -82 0
0 -82 0
0 -82 0
0 -82 0
0 -82 0
0 -82 0
0 -82 0
0 -82 0
0 -82 0
0 -82 0
0 -82 0
0 -82 0
0 -82 0
0 -82 0
0 -82 0
0 -82 0
0 -82 0
0 -81 0
0 -81 0
0 -81 0
0 -81 0
0 -81 0
0 -81 0
0 -81 0
0 -81 0
0 -81 0
0 -81 0
0 -81 0
0 -81 0
0 -81 0
0 -81 0
0 -81 0
0 -81 0
0 -81 0
0 -81 0
0 -81 0
0 -81 0
0 -81 0
0 -81 0
0 -81 0
0 -81 0
0 -81 0
0 -82 0
0 -82 0
0 -82 0
0 -82 0
0 -82 0
0 -82 0
0 -82 0
0 -82 0
0 -82 0
0 -82 0
0 -82 0
0 -82 0
0 -82 0
0 -82 0
0 -82 0
0 -82 0
0 -82 0
0 -82 0
0 -82 0
0 -82 0
0 -82 0
0 -82 0
0 -82 0
0 -82 0
0 -82 0
0 -82 0
0 -82 0
0 -82 0
0 -82 0
0 -82 0
0 -82 0
0 -82 0
0 -82 0
0 -82 0
0 -82 0
0 -82 0
0 -82 0
0 -82 0
0 -82 0
0 -82 0
0 -82 0
0 -82 0
0 -82 0
0 -82 0
0 -82 0
0 -82 0
0 -82 0
0 -82 0
0 -82 0
0 -82 0
0 -82 0
0 -82 0
0 -82 0
0 -82 0
0 -82 0
0 -82 0
-1 -82 0
-1 -82 0
-2 -82 0
-3 -82 0
-4 -82 0
-5 -82 0
-6 -82 0
-7 -82 0
-8 -82 0
-8 -82 0
-9 -81 0
-9 -81 0
-8 -80 0
-8 -79 0
-7 -78 0
-5 -77 0
-3 -76 0
-1 -76 0
0 -75 0
2 -74 0
4 -74 0
6 -73 0
8 -73 0
9 -73 0
11 -73 0
12 -74 0
12 -74 0
13 -74 0
13 -75 0
13 -75 0
13 -75 0
13 -76 0
12 -76 0
12 -77 0
11 -77 0
10 -78 0
9 -78 0
8 -79 0
7 -80 0
6 -81 0
5 -82 0
4 -84 0
3 -86 0
3 -88 0
2 -90 0
1 -92 0
1 -95 0
0 -98 0
0 -100 0
0 -103 0
0 -105 0
-1 -107 0
-1 -109 0
-1 -111 0
-1 -112 0
-1 -113 0
-1 -113 0
-1 -112 0
0 -110 0
0 -108 0
1 -104 0
2 -99 0
3 -94 0
4 -87 0
5 -81 0
6 -75 0
6 -69 0
6 -64 0
6 -59 0
5 -56 0
5 -53 0
4 -51 0
4 -49 0
3 -47 0
2 -46 0
2 -45 0
1 -44 0
0 -43 0
0 -42 0
0 -42 0
-1 -41 0
-2 -41 0
-2 -40 0
-3 -39 0
-3 -38 0
-3 -37 0
-3 -36 0
-3 -36 0
-3 -35 0
-3 -34 0
-2 -33 0
-2 -32 0
-2 -32 0
-2 -32 0
-1 -31 0
-1 -31 0
-1 -31 0
-1 -31 0
-1 -31 0
-1 -31 0
-1 -31 0
-1 -32 0
-1 -32 0
-1 -33 0
-1 -33 0
-1 -33 0
0 -34 0
0 -34 0
0 -35 0
0 -35 0
0 -35 0
0 -36 0
0 -36 0
0 -36 0
0 -36 0
0 -36 0
0 -36 0
0 -36 0
0 -36 0
0 -36 0
0 -36 0
0 -36 0
0 -35 0
0 -35 0
0 -35 0
0 -35 0
0 -35 0
0 -35 0
0 -35 0
0 -35 0
0 -35 0
0 -35 0
0 -35 0
0 -35 0
0 -36 0
0 -36 0
0 -36 0
0 -36 0
0 -36 0
0 -36 0
0 -36 0
0 -36 0
0 -36 0
0 -36 0
0 -36 0
0 -36 0
0 -36 0
0 -36 0
0 -36 0
0 -36 0
0 -36 0
0 -36 0
0 -36 0
0 -36 0
0 -36 0
0 -36 0
0 -36 0
0 -36 0
0 -36 0
0 -36 0
0 -36 0
0 -36 0
0 -36 0
0 -36 0
0 -36 0
0 -36 0
0 -36 0
0 -36 0
0 -35 0
0 -35 0
0 -35 0
0 -35 0
0 -35 0
0 -35 0
0 -35 0
0 -35 0
0 -35 0
0 -35 0
0 -35 0
0 -36 0
0 -36 0
-1 -36 0
-1 -36 0
-1 -36 0
-1 -36 0
-1 -36 0
-1 -36 0
-1 -36 0
-1 -36 0
-1 -36 0
-1 -36 0
-1 -36 0
-1 -35 0
-1 -35 0
-1 -35 0
-1 -35 0
-1 -35 0
-1 -35 0
-1 -35 0
-1 -35 0
-1 -35 0
-1 -35 0
-1 -35 0
-1 -35 0
-1 -35 0
-1 -35 0
-1 -35 0
-1 -35 0
-1 -35 0
-1 -35 0
-1 -35 0
-1 -35 0
-1 -35 0
-1 -35 0
-1 -35 0
-1 -35 0
-1 -35 0
-1 -35 0
-1 -35 0
-2 -35 0
-2 -35 0
-2 -35 0
-2 -35 0
-2 -35 0
-2 -35 0
-2 -35 0
-2 -35 0
-2 -35 0
-2 -35 0
-2 -35 0
-2 -35 0
-2 -35 0
-2 -35 0
-2 -35 0
-2 -35 0
-2 -35 0
-2 -35 0
-2 -35 0
-2 -35 0
-2 -35 0
-2 -35 0
-1 -35 0
-1 -35 0
-1 -35 0
-1 -35 0
-1 -36 0
-1 -36 0
-1 -37 0
-1 -38 0
-2 -38 0
-2 -39 0
-2 -40 0
-2 -42 0
-1 -43 0
-1 -45 0
-1 -46 0
-1 -48 0
-1 -50 0
-1 -53 0
-1 -56 0
-1 -58 0
0 -62 0
0 -65 0
0 -69 0
0 -73 0
0 -77 0
0 -81 0
0 -85 0
0 -90 0
0 -94 0
0 -97 0
0 -101 0
-1 -104 0
-1 -107 0
-2 -109 0
-2 -112 0
-3 -113 0
-3 -115 0
-4 -117 0
-5 -118 0
-6 -119 0
-6 -120 0
-7 -122 0
-7 -123 0
-8 -124 0
-8 -125 0
-9 -126 0
-9 -127 0
-10 -128 0
-10 -129 0
-10 -129 0
-10 -130 0
-10 -131 0
-10 -131 0
-10 -132 0
-10 -132 0
-10 -132 0
-9 -132 0
-9 -132 0
-9 -131 0
-9 -131 0
-9 -131 0
-9 -130 0
-9 -130 0
-9 -130 0
-9 -129 0
-9 -129 0
-9 -129 0
-9 -128 0
-9 -128 0
-9 -128 0
-9 -128 0
-9 -128 0
-9 -128 0
-9 -128 0
-9 -128 0
-9 -128 0
-9 -128 0
-9 -128 0
-8 -128 0
-8 -128 0
-8 -128 0
-8 -128 0
-8 -128 0
-8 -129 0
-8 -129 0
-8 -129 0
-8 -129 0
-8 -129 0
-8 -129 0
-8 -129 0
-8 -129 0
-8 -129 0
-8 -129 0
-8 -129 0
-8 -129 0
-8 -129 0
-8 -129 0
-8 -129 0
-8 -129 0
-8 -129 0
-8 -129 0
-8 -129 0
-8 -129 0
-8 -129 0
-8 -129 0
-8 -129 0
-8 -129 0
-8 -128 0
-8 -128 0
-8 -128 0
-8 -128 0
-8 -128 0
-8 -128 0
-8 -128 0
-8 -128 0
-8 -128 0
-8 -128 0
-8 -128 0
-8 -128 0
-8 -128 0
-8 -128 0
-8 -128 0
-8 -128 0
-8 -129 0
-8 -129 0
-8 -129 0
-8 -129 0
-8 -129 0
-7 -129 0
-7 -129 0
-7 -129 0
-7 -129 0
-7 -129 0
-7 -129 0
-7 -129 0
-7 -129 0
-7 -129 0
-7 -129 0
-7 -129 0
-7 -129 0
-7 -129 0
-7 -129 0
-8 -129 0
-8 -129 0
-8 -129 0
-8 -129 0
-8 -129 0
-8 -129 0
-8 -129 0
-8 -129 0
-8 -129 0
-8 -129 0
-8 -129 0
-8 -129 0
-8 -129 0
-8 -129 0
-8 -129 0
-8 -128 0
-8 -128 0
-8 -128 0
-8 -128 0
-8 -128 0
-8 -128 0
-8 -128 0
-8 -128 0
-8 -128 0
-8 -128 0
-8 -128 0
-8 -128 0
-8 -128 0
-8 -128 0
-8 -128 0
-8 -128 0
-7 -128 0
-7 -128 0
-7 -128 0
-7 -128 0
-7 -128 0
-7 -128 0
-7 -128 0
-7 -128 0
-7 -128 0
-7 -128 0
-7 -128 0
-7 -128 0
-7 -128 0
-7 -128 0
-7 -128 0
-7 -128 0
-7 -128 0
-7 -128 0
-8 -128 0
-8 -128 0
-8 -128 0
-8 -128 0
-8 -128 0
-8 -128 0
-8 -128 0
-8 -128 0
-8 -128 0
-8 -128 0
-8 -128 0
-8 -128 0
-8 -128 0
-8 -128 0
-8 -128 0
-8 -128 0
-8 -128 0
-8 -128 0
-8 -128 0
-8 -127 0
-8 -127 0
-8 -127 0
-8 -127 0
-8 -127 0
-8 -127 0
-8 -127 0
-8 -127 0
-8 -127 0
-8 -127 0
-8 -127 0
-8 -127 0
-8 -127 0
-8 -127 0
-8 -127 0
-8 -127 0
-8 -127 0
-8 -128 0
-9 -128 0
-9 -128 0
-9 -128 0
-9 -128 0
-9 -128 0
-8 -128 0
-8 -128 0
-8 -128 0
-8 -128 0
-8 -128 0
-8 -128 0
-8 -128 0
-8 -127 0
-8 -127 0
-8 -127 0
-8 -127 0
-8 -127 0
-8 -127 0
-8 -127 0
-8 -127 0
-8 -127 0
-8 -127 0
-8 -127 0
-8 -127 0
-8 -127 0
-8 -127 0
-8 -127 0
-8 -127 0
-8 -128 0
-8 -128 0
-8 -128 0
-8 -128 0
-8 -128 0
-8 -128 0
-8 -128 0
-8 -128 0
-8 -128 0
-8 -128 0
-8 -128 0
-8 -128 0
-8 -128 0
-8 -128 0
-8 -128 0
-8 -128 0
-8 -127 0
-8 -127 0
-8 -127 0
-8 -127 0
-8 -126 0
-8 -126 0
-8 -125 0
-8 -125 0
-9 -124 0
-9 -123 0
-10 -122 0
-12 -120 0
-13 -119 0
-15 -116 0
-18 -114 0
-21 -111 0
-24 -108 0
-28 -105 0
-31 -101 0
-35 -98 0
-38 -94 0
-41 -91 0
-44 -87 0
-46 -84 0
-48 -82 0
-50 -79 0
-52 -77 0
-53 -75 0
-54 -73 0
-55 -71 0
-56 -70 0
-57 -69 0
-58 -68 0
-58 -66 0
-58 -65 0
-59 -64 0
-59 -63 0
-59 -62 0
-59 -62 0
-59 -61 0
-59 -60 0
-59 -60 0
-58 -59 0
-58 -59 0
-58 -59 0
-58 -59 0
-58 -60 0
-58 -60 0
-58 -61 0
-58 -61 0
-58 -62 0
-58 -62 0
-58 -63 0
-58 -64 0
-59 -64 0
-59 -65 0
-59 -65 0
-59 -65 0
-59 -66 0
-59 -66 0
-59 -66 0
-59 -66 0
-59 -66 0
-59 -66 0
-59 -66 0
-59 -66 0
-59 -66 0
-59 -65 0
-59 -65 0
-59 -65 0
-59 -65 0
-59 -65 0
-59 -65 0
-59 -65 0
-59 -65 0
-59 -65 0
-59 -65 0
-59 -65 0
-59 -65 0
-59 -65 0
-59 -65 0
-59 -66 0
-59 -66 0
-59 -66 0
-59 -66 0
-59 -66 0
-59 -66 0
-59 -66 0
-58 -66 0
-58 -66 0
-58 -66 0
-58 -66 0
-58 -66 0
-58 -66 0
-58 -66 0
-59 -66 0
-59 -66 0
-59 -66 0
-59 -66 0
-59 -66 0
-59 -66 0
-59 -66 0
-59 -66 0
-59 -66 0
-59 -66 0
-59 -66 0
-59 -67 0
-59 -67 0
-59 -67 0
-59 -67 0
-59 -67 0
-59 -67 0
-59 -67 0
-59 -67 0
-59 -67 0
-59 -67 0
-59 -67 0
-59 -67 0
-59 -67 0
-59 -67 0
-59 -67 0
-59 -67 0
-59 -67 0
-59 -67 0
-59 -67 0
-59 -67 0
-59 -67 0
-59 -67 0
-59 -67 0
-59 -67 0
-59 -67 0
-59 -67 0
-59 -67 0
-59 -67 0
-59 -67 0
-59 -67 0
-59 -67 0
-59 -67 0
-59 -67 0
-59 -67 0
-59 -67 0
-59 -67 0
-59 -67 0
-59 -67 0
-59 -67 0
-59 -67 0
-59 -67 0
-59 -67 0
-59 -67 0
-59 -67 0
-59 -67 0
-59 -67 0
-59 -67 0
-59 -67 0
-59 -67 0
-59 -67 0
-59 -67 0
-59 -67 0
-59 -67 0
-59 -67 0
-59 -67 0
-59 -67 0
-59 -67 0
-59 -67 0
-59 -67 0
-59 -67 0
-59 -67 0
-59 -67 0
-59 -67 0
-59 -67 0
-59 -67 0
-59 -67 0
-59 -67 0
-59 -67 0
-59 -67 0
-59 -67 0
-59 -67 0
-59 -67 0
-59 -67 0
-59 -67 0
-59 -67 0
-59 -67 0
-59 -67 0
-59 -67 0
-59 -67 0
-59 -67 0
-59 -67 0
-59 -67 0
-59 -67 0
-59 -67 0
-59 -67 0
-59 -67 0
-59 -67 0
-59 -67 0
-59 -67 0
-59 -67 0
-59 -67 0
-59 -67 0
-59 -67 0
-59 -67 0
-59 -67 0
-59 -67 0
-59 -67 0
-59 -67 0
-59 -67 0
-59 -67 0
-59 -67 0
-59 -67 0
-59 -67 0
-59 -67 0
-59 -67 0
-59 -67 0
-59 -67 0
-59 -67 0
-58 -67 0
-58 -68 0
-58 -68 0
-58 -68 0
-58 -68 0
-57 -68 0
-57 -68 0
-56 -68 0
-56 -69 0
-55 -69 0
-54 -69 0
-53 -69 0
-52 -70 0
-51 -70 0
-50 -71 0
-48 -71 0
-47 -72 0
-45 -72 0
-43 -72 0
-40 -73 0
-38 -73 0
-35 -74 0
-31 -74 0
-27 -74 0
-22 -75 0
-16 -75 0
-8 -75 0
0 -75 0
8 -75 0
17 -76 0
26 -75 0
34 -75 0
41 -75 0
47 -75 0
52 -75 0
55 -75 0
58 -74 0
61 -74 0
62 -73 0
64 -73 0
64 -73 0
65 -72 0
65 -72 0
65 -72 0
64 -72 0
64 -72 0
63 -72 0
62 -72 0
62 -72 0
61 -72 0
61 -72 0
61 -72 0
60 -72 0
61 -72 0
61 -72 0
61 -72 0
61 -72 0
62 -72 0
62 -72 0
63 -72 0
63 -72 0
63 -72 0
64 -72 0
64 -71 0
64 -71 0
64 -71 0
64 -71 0
64 -71 0
63 -71 0
63 -70 0
63 -70 0
63 -70 0
62 -70 0
62 -70 0
62 -70 0
62 -70 0
61 -70 0
61 -70 0
61 -70 0
61 -70 0
61 -70 0
61 -70 0
61 -70 0
61 -70 0
61 -70 0
61 -70 0
61 -70 0
61 -70 0
61 -70 0
61 -70 0
61 -70 0
61 -70 0
61 -70 0
61 -70 0
61 -70 0
61 -70 0
61 -70 0
61 -70 0
61 -70 0
61 -70 0
61 -70 0
61 -69 0
61 -69 0
61 -69 0
61 -69 0
61 -69 0
61 -69 0
61 -69 0
61 -69 0
61 -69 0
61 -69 0
61 -69 0
62 -69 0
62 -69 0
62 -69 0
62 -69 0
62 -69 0
62 -69 0
62 -69 0
61 -69 0
61 -69 0
61 -69 0
61 -69 0
61 -69 0
61 -69 0
61 -69 0
61 -69 0
61 -69 0
61 -69 0
61 -69 0
61 -69 0
61 -69 0
61 -69 0
61 -69 0
61 -68 0
61 -68 0
61 -68 0
61 -68 0
61 -68 0
61 -68 0
61 -68 0
61 -68 0
61 -68 0
61 -68 0
61 -68 0
61 -68 0
61 -68 0
61 -68 0
61 -68 0
61 -68 0
61 -69 0
61 -69 0
61 -69 0
61 -69 0
61 -69 0
61 -69 0
61 -69 0
61 -69 0
61 -69 0
61 -69 0
61 -69 0
61 -69 0
61 -69 0
61 -69 0
61 -69 0
61 -69 0
61 -69 0
61 -68 0
61 -68 0
61 -68 0
61 -68 0
61 -68 0
61 -68 0
61 -68 0
61 -68 0
61 -68 0
61 -68 0
61 -68 0
61 -68 0
61 -68 0
61 -68 0
61 -68 0
61 -68 0
61 -68 0
61 -68 0
61 -68 0
61 -68 0
61 -68 0
61 -68 0
61 -68 0
61 -68 0
61 -68 0
61 -68 0
61 -68 0
61 -68 0
61 -68 0
61 -68 0
61 -68 0
61 -68 0
61 -68 0
61 -68 0
61 -68 0
61 -68 0
61 -68 0
61 -68 0
61 -68 0
61 -69 0
61 -69 0
61 -69 0
61 -69 0
61 -69 0
61 -69 0
61 -69 0
61 -69 0
61 -69 0
61 -68 0
61 -68 0
61 -68 0
61 -68 0
61 -68 0
61 -68 0
62 -68 0
62 -68 0
62 -68 0
62 -68 0
62 -69 0
61 -69 0
61 -69 0
61 -70 0
60 -70 0
60 -71 0
59 -71 0
58 -72 0
57 -72 0
56 -73 0
55 -73 0
54 -73 0
52 -74 0
51 -74 0
49 -74 0
47 -74 0
45 -74 0
43 -74 0
42 -73 0
40 -73 0
38 -73 0
36 -72 0
34 -72 0
33 -72 0
31 -71 0
30 -71 0
29 -71 0
28 -71 0
27 -71 0
26 -70 0
26 -70 0
25 -70 0
25 -70 0
24 -70 0
24 -71 0
24 -71 0
23 -71 0
23 -71 0
23 -72 0
22 -72 0
22 -72 0
22 -73 0
21 -73 0
21 -74 0
20 -74 0
20 -74 0
19 -75 0
19 -75 0
18 -76 0
18 -76 0
17 -77 0
17 -77 0
17 -78 0
17 -79 0
17 -79 0
