54 -6 -11
54 -13 1
54 -7 -12
54 -14 1
53 -9 -13
53 -16 1
52 -10 -15
52 -18 1
51 -12 -16
51 -20 1
51 -14 -18
51 -22 0
50 -15 -19
50 -24 0
49 -18 -20
49 -27 0
49 -20 -22
49 -30 0
49 -23 -24
49 -33 0
49 -26 -26
49 -36 0
49 -29 -27
49 -39 -1
50 -32 -27
50 -41 -3
50 -35 -27
50 -42 -5
50 -37 -26
50 -43 -7
49 -39 -24
49 -43 -9
50 -40 -23
50 -43 -11
50 -41 -22
50 -42 -13
51 -42 -21
51 -42 -15
53 -43 -21
53 -42 -16
54 -44 -22
54 -42 -17
56 -44 -22
56 -43 -19
57 -45 -23
57 -43 -20
59 -45 -23
59 -42 -20
60 -44 -23
60 -41 -21
62 -43 -22
62 -40 -22
63 -43 -22
63 -38 -23
64 -42 -23
64 -38 -22
64 -41 -24
64 -38 -21
65 -39 -24
65 -38 -20
65 -38 -25
65 -39 -19
65 -37 -26
65 -39 -17
65 -35 -26
65 -38 -16
64 -34 -26
64 -38 -15
63 -32 -25
63 -37 -13
63 -31 -25
63 -36 -12
63 -30 -25
63 -36 -12
63 -29 -26
63 -37 -11
64 -29 -28
64 -38 -10
65 -29 -30
65 -39 -10
66 -29 -32
66 -41 -9
67 -29 -34
67 -42 -9
68 -30 -36
68 -44 -9
70 -30 -37
70 -45 -9
71 -30 -38
71 -46 -10
72 -31 -40
72 -47 -10
74 -31 -42
74 -49 -10
76 -32 -44
76 -50 -11
77 -32 -45
77 -51 -11
78 -32 -46
78 -51 -12
80 -31 -47
80 -52 -13
82 -31 -49
82 -52 -13
84 -31 -50
84 -53 -14
85 -30 -52
85 -54 -14
87 -30 -53
87 -54 -15
88 -29 -54
88 -55 -15
89 -29 -55
89 -55 -15
90 -28 -56
90 -56 -15
91 -28 -60
91 -59 -15
92 -28 -63
92 -61 -15
93 -29 -65
93 -63 -15
94 -29 -66
94 -63 -15
95 -30 -67
95 -64 -16
96 -30 -68
96 -64 -16
97 -29 -68
97 -64 -17
97 -29 -68
97 -64 -17
98 -29 -69
98 -64 -17
99 -29 -70
99 -64 -18
99 -28 -71
99 -65 -18
100 -28 -72
100 -65 -17
100 -28 -73
100 -66 -17
101 -29 -75
101 -67 -18
103 -30 -77
103 -67 -19
106 -33 -80
106 -66 -21
109 -35 -83
109 -65 -23
113 -37 -86
113 -63 -25
117 -38 -89
117 -61 -28
121 -40 -91
121 -59 -30
125 -41 -94
125 -57 -32
127 -41 -96
127 -56 -33
129 -41 -97
129 -55 -34
131 -41 -99
131 -54 -34
132 -42 -100
132 -54 -34
132 -42 -101
132 -54 -34
133 -41 -102
133 -54 -34
133 -41 -103
133 -54 -33
133 -41 -104
133 -54 -33
134 -41 -105
134 -54 -32
134 -41 -106
134 -54 -32
135 -41 -107
135 -54 -32
135 -41 -108
135 -54 -31
136 -41 -110
136 -54 -31
137 -41 -111
137 -53 -31
139 -42 -113
139 -53 -31
139 -42 -114
139 -52 -31
141 -42 -115
141 -52 -31
142 -42 -117
142 -51 -31
143 -42 -118
143 -51 -31
145 -43 -119
145 -50 -31
146 -43 -119
146 -50 -31
146 -43 -120
146 -49 -32
146 -44 -120
146 -50 -31
146 -44 -120
146 -51 -30
145 -45 -121
145 -51 -29
145 -46 -122
145 -52 -28
145 -47 -123
145 -53 -27
146 -47 -125
146 -54 -26
146 -48 -126
146 -54 -25
147 -48 -126
147 -54 -25
147 -48 -126
147 -54 -25
147 -49 -126
147 -54 -25
146 -49 -125
146 -54 -25
144 -49 -123
144 -55 -25
143 -49 -122
143 -56 -25
141 -49 -121
141 -57 -24
140 -49 -121
140 -57 -24
138 -49 -120
138 -58 -23
136 -49 -119
136 -60 -22
134 -49 -117
134 -61 -21
133 -49 -116
133 -62 -21
131 -49 -115
131 -63 -20
129 -49 -114
129 -64 -19
128 -49 -113
128 -65 -19
126 -49 -112
126 -66 -18
124 -49 -111
124 -67 -17
123 -49 -110
123 -68 -17
122 -49 -109
122 -68 -16
121 -49 -108
121 -69 -16
121 -49 -108
121 -69 -16
120 -50 -108
120 -69 -16
119 -50 -107
119 -70 -15
119 -50 -107
119 -70 -15
118 -50 -106
118 -71 -15
117 -50 -106
117 -71 -14
116 -49 -105
116 -72 -14
116 -49 -105
116 -72 -14
115 -49 -105
115 -73 -13
115 -49 -105
115 -73 -13
114 -49 -105
114 -73 -12
114 -49 -105
114 -74 -12
113 -49 -105
113 -74 -11
113 -49 -105
113 -74 -11
112 -49 -105
112 -75 -10
111 -48 -104
111 -75 -10
111 -48 -104
111 -76 -9
110 -48 -104
110 -76 -9
110 -48 -104
110 -76 -9
110 -48 -104
110 -76 -9
109 -48 -103
109 -76 -9
109 -48 -103
109 -77 -9
109 -48 -103
109 -77 -8
109 -48 -103
109 -77 -8
108 -48 -103
108 -77 -8
108 -48 -102
108 -77 -8
107 -48 -102
107 -78 -8
107 -48 -102
107 -78 -7
106 -48 -102
106 -79 -7
106 -48 -102
106 -79 -7
105 -48 -101
105 -79 -6
105 -48 -101
105 -80 -6
104 -48 -101
104 -80 -6
104 -48 -101
104 -80 -5
103 -48 -101
103 -80 -5
103 -47 -100
103 -81 -4
102 -47 -100
102 -81 -4
102 -47 -100
102 -81 -4
102 -47 -100
102 -81 -4
101 -47 -100
101 -81 -4
101 -46 -100
101 -81 -4
101 -46 -100
101 -81 -4
101 -46 -100
101 -81 -4
101 -45 -99
101 -82 -3
100 -45 -99
100 -82 -3
100 -45 -99
100 -82 -3
99 -44 -99
99 -82 -3
99 -43 -99
99 -82 -2
98 -43 -98
98 -83 -2
98 -42 -98
98 -83 -1
97 -41 -98
97 -83 -1
97 -41 -98
97 -83 -1
96 -40 -98
96 -83 -1
96 -39 -98
96 -83 -1
95 -39 -97
95 -83 0
95 -38 -97
95 -84 0
94 -37 -97
94 -84 0
94 -36 -96
94 -84 0
94 -36 -96
94 -84 0
94 -35 -96
94 -84 0
94 -35 -96
94 -84 0
94 -35 -96
94 -85 0
93 -34 -95
93 -85 0
93 -34 -95
93 -85 0
93 -34 -95
93 -85 0
93 -34 -95
93 -85 0
93 -34 -95
93 -85 0
92 -34 -95
92 -85 0
92 -34 -95
92 -85 0
92 -34 -95
92 -85 0
93 -34 -94
93 -85 0
93 -34 -94
93 -85 0
93 -34 -95
93 -85 0
92 -34 -95
92 -85 0
92 -34 -95
92 -85 0
92 -33 -95
92 -85 0
92 -33 -95
92 -85 0
92 -33 -95
92 -85 0
92 -33 -95
92 -85 1
92 -33 -95
92 -84 1
92 -33 -96
92 -84 1
92 -33 -96
92 -84 1
92 -33 -96
92 -84 1
92 -33 -96
92 -84 1
92 -33 -96
92 -84 1
91 -33 -96
91 -84 1
91 -33 -96
91 -84 1
91 -33 -96
91 -84 1
91 -33 -96
91 -83 2
91 -33 -96
91 -83 2
91 -33 -96
91 -83 2
91 -33 -96
91 -83 1
91 -33 -96
91 -83 1
91 -33 -96
91 -83 1
91 -33 -96
91 -83 1
91 -33 -96
91 -83 2
91 -33 -96
91 -83 2
91 -32 -96
91 -84 2
91 -32 -96
91 -84 2
91 -32 -96
91 -84 2
91 -32 -96
91 -84 2
91 -32 -96
91 -84 1
91 -32 -96
91 -84 1
91 -31 -95
91 -84 1
91 -31 -95
91 -84 1
91 -31 -95
91 -85 1
91 -30 -95
91 -85 0
91 -30 -94
91 -85 0
91 -29 -94
91 -86 0
92 -29 -94
92 -86 0
92 -28 -93
92 -86 0
92 -28 -93
92 -87 0
92 -27 -92
92 -87 -1
92 -27 -92
92 -87 -1
92 -26 -91
92 -87 -2
93 -25 -90
93 -87 -2
93 -24 -90
93 -86 -3
93 -23 -89
93 -85 -4
94 -22 -88
94 -85 -4
94 -21 -87
94 -84 -5
95 -20 -86
95 -82 -6
95 -19 -85
95 -81 -7
96 -18 -84
96 -80 -8
97 -17 -83
97 -79 -9
97 -16 -82
97 -77 -9
98 -15 -81
98 -76 -10
99 -14 -79
99 -74 -11
100 -13 -78
100 -73 -12
100 -11 -77
100 -71 -13
101 -10 -76
101 -70 -13
102 -9 -75
102 -69 -14
103 -8 -73
103 -67 -15
103 -7 -72
103 -66 -15
104 -6 -71
104 -65 -16
105 -5 -70
105 -64 -16
106 -5 -69
106 -63 -17
107 -4 -68
107 -62 -17
108 -3 -68
108 -61 -17
108 -2 -67
108 -60 -18
109 -2 -66
109 -59 -18
109 -1 -66
109 -58 -18
110 -1 -65
110 -58 -19
111 0 -64
111 -57 -19
111 0 -64
111 -56 -19
112 0 -64
112 -56 -19
112 0 -63
112 -55 -20
113 0 -63
113 -55 -20
113 1 -63
113 -55 -20
114 1 -62
114 -54 -20
114 1 -62
114 -54 -21
115 1 -62
115 -53 -21
115 1 -62
115 -53 -21
115 2 -61
115 -53 -21
115 2 -61
115 -53 -21
115 2 -61
115 -53 -21
116 2 -61
116 -53 -21
116 2 -61
116 -52 -21
116 2 -61
116 -52 -21
116 1 -61
116 -52 -21
116 1 -61
116 -52 -22
116 1 -61
116 -52 -22
116 0 -61
116 -52 -22
116 0 -61
116 -52 -22
115 0 -62
115 -52 -22
115 0 -62
115 -52 -22
115 -1 -62
115 -52 -23
115 -1 -63
115 -53 -23
115 -2 -63
115 -53 -23
115 -3 -64
115 -53 -23
114 -4 -64
114 -53 -24
114 -5 -65
114 -53 -24
114 -6 -66
114 -54 -25
114 -8 -66
114 -54 -25
113 -9 -67
113 -55 -25
113 -11 -68
113 -55 -25
113 -12 -70
113 -56 -26
113 -14 -71
113 -57 -26
113 -16 -72
113 -57 -26
113 -18 -74
113 -58 -26
113 -20 -75
113 -59 -27
113 -22 -77
113 -59 -27
113 -24 -79
113 -60 -27
113 -26 -80
113 -61 -27
114 -28 -82
114 -61 -27
115 -30 -85
115 -61 -28
117 -32 -87
117 -61 -28
118 -35 -89
118 -61 -28
119 -37 -92
119 -61 -28
121 -39 -95
121 -61 -28
123 -41 -97
123 -60 -28
125 -42 -100
125 -60 -28
128 -44 -104
128 -60 -27
130 -45 -107
130 -59 -27
133 -46 -110
133 -58 -27
136 -48 -114
136 -58 -26
139 -49 -117
139 -57 -26
142 -49 -121
142 -56 -25
145 -50 -124
145 -56 -25
147 -51 -127
147 -55 -24
150 -51 -131
150 -54 -24
153 -51 -134
153 -54 -23
156 -52 -137
156 -53 -22
158 -52 -139
158 -52 -22
161 -52 -142
161 -52 -22
163 -52 -144
163 -51 -21
166 -52 -147
166 -50 -21
168 -52 -149
168 -50 -21
170 -52 -151
170 -49 -21
172 -52 -153
172 -49 -20
173 -51 -154
173 -49 -20
175 -51 -156
175 -48 -19
176 -51 -157
176 -48 -19
177 -51 -159
177 -47 -18
178 -50 -160
178 -47 -18
179 -50 -161
179 -47 -18
-179 -50 -162
-179 -46 -18
-178 -49 -163
-178 -46 -17
-177 -49 -163
-177 -46 -17
-177 -49 -164
-177 -45 -17
-176 -49 -164
-176 -45 -17
-176 -48 -165
-176 -45 -17
-176 -48 -165
-176 -45 -17
-176 -48 -165
-176 -45 -17
-176 -48 -165
-176 -44 -17
-176 -48 -165
-176 -44 -17
-176 -48 -165
-176 -44 -17
-176 -47 -164
-176 -44 -17
-177 -47 -164
-177 -44 -17
-177 -47 -164
-177 -44 -17
-177 -47 -164
-177 -44 -17
-178 -47 -163
-178 -44 -17
-178 -47 -163
-178 -44 -17
-178 -47 -163
-178 -44 -17
-179 -47 -162
-179 -44 -17
-179 -47 -162
-179 -44 -17
179 -47 -161
179 -44 -17
179 -47 -161
179 -44 -18
178 -47 -160
178 -45 -18
177 -48 -159
177 -45 -18
177 -48 -158
177 -45 -18
176 -48 -158
176 -45 -19
175 -48 -156
175 -45 -19
174 -48 -155
174 -46 -20
174 -49 -154
174 -46 -21
173 -49 -153
173 -46 -21
172 -49 -151
172 -46 -22
171 -49 -149
171 -46 -23
169 -49 -148
169 -46 -23
168 -49 -146
168 -47 -24
167 -49 -144
167 -47 -25
165 -49 -142
165 -47 -26
164 -49 -139
164 -47 -27
162 -49 -137
162 -47 -28
161 -49 -135
161 -47 -29
159 -49 -132
159 -47 -30
158 -48 -130
158 -47 -31
156 -48 -127
156 -47 -32
155 -48 -125
155 -47 -34
153 -47 -122
153 -46 -35
152 -46 -120
152 -46 -36
151 -46 -117
151 -46 -37
149 -45 -115
149 -45 -38
148 -44 -112
148 -45 -40
147 -43 -110
147 -45 -41
146 -42 -108
146 -44 -42
144 -41 -105
144 -44 -43
143 -40 -103
143 -44 -44
142 -39 -100
142 -43 -44
141 -38 -98
141 -43 -45
139 -37 -95
139 -43 -45
138 -36 -93
138 -43 -45
137 -34 -91
137 -43 -46
136 -33 -89
136 -43 -46
135 -31 -88
135 -43 -46
135 -30 -86
135 -43 -46
134 -28 -84
134 -42 -46
133 -26 -83
133 -42 -46
133 -25 -81
133 -42 -46
132 -23 -80
132 -42 -45
132 -21 -79
132 -42 -45
132 -19 -77
132 -42 -45
132 -18 -76
132 -42 -44
131 -16 -75
131 -42 -44
131 -15 -74
131 -42 -44
131 -13 -73
131 -42 -43
131 -12 -73
131 -42 -42
131 -11 -72
131 -42 -42
130 -9 -71
130 -43 -41
130 -8 -71
130 -43 -40
130 -7 -70
130 -43 -40
130 -6 -70
130 -43 -39
130 -5 -69
130 -44 -39
129 -4 -69
129 -44 -38
129 -4 -69
129 -44 -38
129 -3 -68
129 -44 -37
129 -2 -68
129 -45 -37
129 -2 -68
129 -45 -36
129 -1 -68
129 -45 -36
129 -1 -68
129 -45 -36
129 0 -68
129 -45 -36
129 0 -67
129 -45 -35
129 0 -67
129 -45 -35
129 0 -67
129 -46 -35
128 0 -68
128 -46 -35
128 0 -68
128 -46 -35
128 0 -68
128 -46 -35
128 0 -68
128 -46 -35
128 0 -68
128 -47 -35
128 0 -68
128 -47 -34
128 0 -68
128 -47 -35
128 0 -68
128 -47 -35
128 0 -68
128 -47 -35
127 0 -69
127 -47 -34
127 0 -69
127 -47 -34
127 0 -69
127 -48 -34
126 0 -69
126 -48 -34
126 -1 -69
126 -48 -34
126 -1 -69
126 -48 -34
126 -2 -69
126 -48 -34
126 -2 -70
126 -48 -34
125 -2 -70
125 -48 -34
125 -3 -70
125 -49 -34
125 -3 -70
125 -49 -34
125 -4 -71
125 -49 -34
124 -5 -71
124 -49 -34
124 -5 -71
124 -49 -34
124 -6 -72
124 -49 -34
124 -7 -73
124 -50 -35
124 -8 -73
124 -50 -35
124 -9 -74
124 -50 -35
124 -10 -75
124 -50 -35
124 -11 -76
124 -50 -35
124 -12 -77
124 -51 -36
124 -13 -78
124 -51 -36
124 -15 -79
124 -51 -36
124 -16 -80
124 -51 -37
125 -18 -81
125 -51 -37
125 -19 -82
125 -51 -37
125 -21 -83
125 -51 -38
126 -22 -84
126 -51 -38
127 -24 -86
127 -51 -38
127 -26 -87
127 -50 -38
128 -28 -89
128 -50 -39
129 -30 -90
129 -50 -39
130 -32 -92
130 -50 -39
131 -34 -94
131 -50 -39
133 -36 -96
133 -50 -39
134 -38 -98
134 -50 -38
136 -40 -101
136 -50 -38
138 -41 -104
138 -50 -37
140 -43 -107
140 -50 -37
142 -45 -110
142 -50 -36
144 -46 -113
144 -50 -35
146 -48 -117
146 -50 -34
149 -49 -120
149 -50 -33
152 -50 -123
152 -50 -32
155 -51 -127
155 -49 -31
158 -52 -130
158 -49 -31
161 -53 -134
161 -49 -30
164 -54 -137
164 -48 -29
167 -54 -140
167 -48 -28
170 -55 -143
170 -48 -28
173 -55 -146
173 -48 -27
175 -55 -149
175 -48 -26
178 -56 -152
178 -48 -26
-179 -56 -154
-179 -48 -25
-177 -56 -156
-177 -48 -25
-175 -56 -158
-175 -48 -24
-173 -56 -160
-173 -48 -24
-172 -56 -162
-172 -48 -23
-171 -56 -163
-171 -48 -23
-170 -56 -165
-170 -48 -22
-168 -56 -166
-168 -48 -22
-167 -56 -167
-167 -48 -22
-167 -56 -168
-167 -48 -22
-166 -56 -168
-166 -48 -22
-165 -56 -169
-165 -48 -22
-165 -56 -169
-165 -48 -22
-165 -56 -170
-165 -48 -21
-164 -56 -170
-164 -48 -21
-164 -56 -170
-164 -48 -22
-164 -56 -170
-164 -48 -22
-165 -56 -170
-165 -48 -22
-165 -56 -169
-165 -48 -22
-165 -56 -169
-165 -48 -22
-165 -56 -169
-165 -48 -22
-166 -56 -168
-166 -48 -22
-166 -56 -168
-166 -48 -22
-166 -56 -168
-166 -48 -22
-166 -56 -167
-166 -48 -22
-166 -56 -167
-166 -48 -23
-167 -56 -167
-167 -48 -23
-167 -56 -167
-167 -48 -23
-167 -56 -166
-167 -48 -23
-167 -56 -166
-167 -48 -23
-168 -57 -166
-168 -48 -23
-168 -57 -165
-168 -48 -23
-169 -57 -165
-169 -48 -23
-169 -57 -164
-169 -48 -23
-170 -57 -163
-170 -48 -24
-171 -57 -163
-171 -48 -24
-171 -57 -162
-171 -48 -24
-172 -57 -161
-172 -48 -24
-173 -57 -159
-173 -48 -25
-174 -57 -158
-174 -48 -25
-175 -57 -156
-175 -48 -26
-177 -57 -155
-177 -48 -27
-178 -57 -153
-178 -47 -27
179 -57 -151
179 -47 -28
178 -57 -149
178 -47 -29
176 -57 -147
176 -47 -29
174 -57 -144
174 -47 -30
172 -56 -142
172 -47 -31
170 -56 -139
170 -47 -32
168 -56 -137
168 -46 -33
166 -55 -134
166 -46 -33
164 -55 -132
164 -46 -34
162 -54 -129
162 -46 -35
161 -54 -126
161 -46 -36
159 -53 -124
159 -45 -37
157 -52 -121
157 -45 -38
155 -51 -118
155 -45 -39
153 -50 -116
153 -44 -40
151 -49 -113
151 -44 -41
149 -47 -111
149 -44 -42
148 -46 -108
148 -44 -43
147 -45 -106
147 -43 -44
145 -44 -104
145 -43 -45
144 -42 -101
144 -42 -46
143 -41 -99
143 -42 -46
142 -40 -97
142 -41 -47
142 -38 -95
142 -41 -48
141 -37 -93
141 -40 -49
140 -35 -91
140 -40 -49
140 -34 -89
140 -39 -50
139 -32 -87
139 -39 -50
138 -31 -85
138 -39 -50
137 -29 -84
137 -39 -50
137 -28 -82
137 -38 -50
136 -26 -81
136 -38 -50
136 -24 -79
136 -38 -50
136 -23 -78
136 -38 -49
136 -21 -77
136 -37 -49
136 -20 -76
136 -37 -49
135 -18 -74
135 -37 -48
135 -17 -73
135 -37 -48
135 -16 -72
135 -37 -47
135 -14 -72
135 -37 -47
135 -13 -71
135 -37 -46
135 -12 -70
135 -37 -46
135 -12 -69
135 -37 -45
134 -11 -69
134 -37 -45
134 -10 -69
134 -37 -44
134 -10 -68
134 -38 -44
134 -9 -68
134 -38 -44
134 -9 -68
134 -37 -44
134 -9 -68
134 -37 -44
134 -8 -67
134 -37 -44
134 -8 -67
134 -37 -43
134 -8 -67
134 -38 -43
134 -8 -67
134 -38 -43
134 -8 -67
134 -38 -43
134 -8 -67
134 -38 -43
134 -8 -67
134 -38 -43
134 -8 -68
134 -38 -43
133 -8 -68
133 -39 -43
133 -8 -68
133 -39 -43
133 -9 -68
133 -39 -43
133 -9 -69
133 -39 -43
132 -10 -69
132 -40 -43
132 -10 -69
132 -40 -43
132 -11 -70
132 -40 -43
132 -11 -70
132 -40 -43
132 -12 -71
132 -40 -43
132 -13 -72
132 -41 -43
132 -14 -72
132 -41 -43
131 -15 -73
131 -41 -44
131 -16 -74
131 -42 -44
131 -17 -76
131 -42 -44
131 -18 -77
131 -43 -44
131 -19 -78
131 -43 -44
131 -20 -80
131 -44 -44
131 -21 -81
131 -44 -44
131 -23 -83
131 -45 -43
131 -24 -84
131 -46 -43
131 -25 -86
131 -47 -42
130 -27 -88
130 -48 -41
130 -28 -90
130 -49 -40
130 -30 -92
130 -50 -39
131 -32 -94
131 -51 -38
131 -33 -96
131 -51 -37
132 -35 -98
132 -52 -36
132 -36 -100
132 -52 -35
133 -38 -103
133 -53 -34
135 -40 -105
135 -53 -33
136 -41 -108
136 -53 -32
137 -43 -111
137 -53 -31
139 -44 -113
139 -54 -30
141 -45 -116
141 -54 -29
143 -47 -119
143 -54 -28
145 -48 -122
145 -54 -27
147 -49 -125
147 -54 -26
149 -50 -128
149 -54 -25
151 -51 -131
151 -54 -23
153 -52 -134
153 -54 -22
156 -53 -138
156 -54 -21
158 -53 -141
158 -54 -20
161 -54 -144
161 -54 -19
163 -54 -146
163 -54 -19
165 -55 -149
165 -54 -18
167 -55 -151
167 -53 -18
169 -55 -153
169 -53 -18
171 -55 -155
171 -53 -17
173 -55 -156
173 -52 -17
175 -55 -158
175 -52 -17
176 -55 -159
176 -52 -17
178 -55 -161
178 -52 -17
179 -55 -162
179 -51 -17
-178 -55 -163
-178 -51 -17
-177 -55 -164
-177 -51 -17
-177 -55 -165
-177 -51 -17
-176 -55 -165
-176 -51 -17
-175 -55 -166
-175 -51 -17
-175 -55 -167
-175 -51 -17
-174 -55 -167
-174 -51 -16
-174 -55 -167
-174 -51 -16
-174 -55 -168
-174 -51 -16
-173 -55 -168
-173 -51 -16
-173 -55 -168
-173 -51 -16
-173 -55 -169
-173 -51 -16
-173 -55 -169
-173 -51 -16
-173 -55 -169
-173 -51 -16
-173 -55 -169
-173 -51 -16
-173 -55 -169
-173 -51 -16
-173 -55 -169
-173 -51 -16
-173 -55 -168
-173 -51 -16
-173 -55 -168
-173 -51 -16
-173 -55 -168
-173 -51 -16
-174 -56 -168
-174 -52 -16
-174 -56 -167
-174 -52 -16
-175 -56 -166
-175 -52 -16
-176 -56 -166
-176 -52 -16
-177 -56 -165
-177 -52 -17
-178 -56 -164
-178 -52 -17
-179 -56 -162
-179 -52 -17
179 -56 -161
179 -52 -18
178 -56 -160
178 -52 -18
177 -56 -158
177 -52 -19
176 -56 -157
176 -52 -19
174 -56 -155
174 -52 -20
173 -55 -153
173 -51 -20
171 -55 -151
171 -51 -21
170 -55 -149
170 -51 -22
169 -54 -147
169 -51 -23
167 -54 -145
167 -50 -24
166 -54 -143
166 -50 -25
164 -53 -140
164 -50 -26
163 -52 -138
163 -49 -27
162 -52 -136
162 -49 -28
160 -51 -134
160 -48 -29
159 -50 -132
159 -48 -31
158 -50 -129
158 -47 -32
157 -49 -127
157 -47 -33
155 -48 -125
155 -46 -34
154 -47 -122
154 -46 -36
153 -46 -120
153 -45 -37
151 -45 -117
151 -45 -38
150 -44 -115
150 -44 -39
149 -43 -113
149 -44 -40
148 -42 -111
148 -43 -42
147 -41 -109
147 -43 -43
146 -40 -106
146 -42 -44
146 -38 -104
146 -42 -45
145 -37 -102
145 -41 -46
144 -36 -101
144 -41 -47
143 -35 -99
143 -41 -47
143 -33 -97
143 -40 -48
142 -32 -95
142 -40 -49
141 -31 -94
141 -40 -49
141 -30 -92
141 -39 -49
140 -28 -91
140 -39 -50
140 -27 -89
140 -39 -50
139 -25 -88
139 -39 -50
139 -24 -87
139 -39 -50
138 -22 -85
138 -39 -50
138 -21 -84
138 -39 -49
137 -20 -83
137 -40 -49
136 -18 -82
136 -40 -48
136 -17 -81
136 -40 -48
136 -15 -80
136 -40 -47
135 -14 -80
135 -41 -47
135 -13 -79
135 -41 -46
135 -11 -78
135 -41 -46
135 -10 -77
135 -41 -46
134 -9 -77
134 -41 -45
134 -8 -76
134 -41 -45
134 -7 -75
134 -41 -44
134 -6 -75
134 -42 -44
134 -5 -74
134 -41 -44
134 -4 -73
134 -41 -43
134 -3 -73
134 -41 -43
134 -2 -72
134 -41 -43
134 -1 -72
134 -42 -42
134 -1 -72
134 -42 -42
134 0 -72
134 -42 -42
134 0 -71
134 -42 -42
134 0 -71
134 -42 -41
134 0 -71
134 -42 -41
134 0 -71
134 -42 -41
134 0 -71
134 -42 -41
134 0 -71
134 -42 -41
134 0 -71
134 -42 -41
134 0 -71
134 -42 -41
134 0 -72
134 -42 -41
134 0 -72
134 -43 -41
134 0 -72
134 -43 -41
133 0 -72
133 -43 -41
133 0 -72
133 -43 -41
133 0 -73
133 -43 -41
133 -1 -73
133 -44 -41
132 -1 -73
132 -44 -41
132 -2 -74
132 -44 -41
132 -3 -74
132 -44 -41
132 -3 -75
132 -44 -41
132 -4 -75
132 -44 -41
132 -5 -76
132 -44 -42
131 -6 -77
131 -45 -42
131 -7 -78
131 -45 -42
131 -9 -79
131 -45 -42
131 -10 -80
131 -45 -42
131 -11 -81
131 -45 -43
132 -13 -82
132 -45 -43
132 -14 -83
132 -45 -43
132 -16 -85
132 -45 -43
133 -18 -86
133 -45 -43
133 -19 -88
133 -46 -43
133 -21 -90
133 -46 -43
134 -23 -92
134 -46 -43
135 -25 -93
135 -46 -43
135 -26 -95
135 -46 -43
136 -28 -97
136 -46 -42
138 -30 -99
138 -46 -42
139 -32 -101
139 -45 -42
140 -34 -103
140 -45 -42
142 -35 -105
142 -45 -41
143 -37 -107
143 -45 -41
145 -39 -109
145 -45 -41
146 -40 -110
146 -45 -40
148 -42 -112
148 -45 -40
149 -43 -114
149 -45 -39
151 -45 -116
151 -45 -39
152 -46 -118
152 -45 -38
154 -48 -120
154 -45 -38
156 -49 -121
156 -45 -37
157 -50 -123
157 -45 -37
159 -51 -125
159 -45 -36
160 -52 -127
160 -45 -36
162 -53 -128
162 -45 -35
163 -54 -130
163 -46 -35
164 -54 -132
164 -46 -34
166 -55 -133
166 -46 -34
167 -56 -135
167 -46 -33
169 -56 -137
169 -47 -33
170 -57 -138
170 -47 -32
171 -57 -140
171 -47 -32
173 -58 -142
173 -47 -31
174 -58 -143
174 -47 -31
175 -58 -145
175 -48 -31
176 -59 -146
176 -48 -30
178 -59 -148
178 -48 -30
179 -59 -149
179 -48 -29
-179 -59 -151
-179 -48 -29
-178 -59 -152
-178 -48 -29
-177 -59 -153
-177 -48 -28
-176 -59 -154
-176 -48 -28
-175 -60 -155
-175 -49 -28
-174 -60 -156
-174 -49 -27
-174 -60 -157
-174 -49 -27
-174 -60 -157
-174 -49 -27
-173 -60 -158
-173 -49 -27
-173 -60 -158
-173 -50 -26
-173 -61 -159
-173 -50 -26
-172 -61 -159
-172 -50 -26
-172 -61 -159
-172 -50 -26
-172 -61 -159
-172 -51 -26
-172 -62 -159
-172 -51 -26
-173 -62 -159
-173 -51 -26
-173 -62 -159
-173 -51 -26
-174 -62 -158
-174 -51 -26
-174 -62 -158
-174 -51 -26
-174 -62 -157
-174 -51 -26
-175 -62 -156
-175 -51 -27
-175 -62 -156
-175 -51 -27
-176 -62 -155
-176 -51 -27
-177 -62 -154
-177 -50 -28
-178 -62 -152
-178 -50 -28
-179 -61 -151
-179 -50 -29
179 -61 -150
179 -49 -29
178 -61 -148
178 -49 -30
177 -60 -147
177 -49 -30
176 -60 -145
176 -48 -31
174 -59 -143
174 -48 -32
173 -59 -141
173 -47 -32
172 -58 -139
172 -47 -33
170 -58 -137
170 -46 -34
168 -57 -135
168 -46 -35
167 -56 -132
167 -45 -36
165 -55 -130
165 -45 -37
163 -54 -128
163 -44 -38
162 -53 -125
162 -44 -39
160 -52 -123
160 -43 -39
159 -51 -121
159 -43 -40
157 -50 -118
157 -42 -41
156 -49 -116
156 -42 -42
154 -48 -114
154 -42 -43
153 -47 -112
153 -41 -44
151 -45 -110
151 -41 -44
150 -44 -109
150 -41 -45
149 -42 -107
149 -41 -45
148 -41 -105
148 -41 -46
146 -40 -104
146 -41 -46
146 -38 -102
146 -41 -47
145 -36 -101
145 -41 -47
144 -35 -100
144 -41 -47
143 -33 -98
143 -41 -48
142 -32 -97
142 -41 -48
142 -30 -96
142 -41 -48
141 -29 -95
141 -41 -48
140 -28 -94
140 -41 -48
140 -26 -93
140 -41 -48
139 -25 -92
139 -41 -48
138 -23 -91
138 -41 -48
138 -22 -90
138 -41 -48
138 -20 -89
138 -41 -48
137 -19 -89
137 -41 -47
137 -17 -88
137 -42 -47
136 -16 -87
136 -42 -47
136 -14 -86
136 -42 -47
136 -13 -86
136 -42 -46
135 -12 -85
135 -43 -46
135 -10 -84
135 -43 -46
135 -9 -83
135 -43 -46
135 -8 -83
135 -43 -45
135 -7 -82
135 -43 -45
135 -6 -82
135 -43 -45
134 -5 -82
134 -43 -44
134 -4 -81
134 -44 -44
134 -4 -81
134 -44 -44
134 -3 -81
134 -44 -43
134 -2 -81
134 -44 -43
134 -2 -81
134 -45 -43
133 -1 -81
133 -45 -43
133 -1 -81
133 -45 -43
133 -1 -81
133 -45 -43
133 0 -81
133 -45 -43
133 0 -81
133 -45 -43
133 0 -81
133 -45 -42
133 0 -81
133 -45 -42
133 0 -81
133 -45 -42
133 -1 -82
133 -45 -42
133 -1 -82
133 -46 -42
133 -1 -82
133 -46 -42
133 -2 -82
133 -46 -42
133 -2 -82
133 -46 -42
132 -2 -83
132 -46 -42
132 -3 -83
132 -46 -42
132 -4 -83
132 -46 -43
132 -4 -83
132 -46 -43
132 -5 -84
132 -46 -43
132 -6 -84
132 -46 -43
133 -7 -85
133 -46 -43
133 -7 -85
133 -46 -43
133 -8 -86
133 -45 -43
133 -9 -86
133 -45 -43
133 -11 -87
133 -45 -44
133 -12 -88
133 -45 -44
134 -13 -88
134 -45 -44
134 -14 -89
134 -45 -44
134 -16 -90
134 -45 -44
134 -17 -91
134 -45 -44
134 -18 -92
134 -45 -43
135 -20 -93
135 -46 -43
135 -21 -94
135 -46 -43
135 -23 -95
135 -46 -43
135 -24 -96
135 -46 -42
136 -26 -97
136 -46 -42
136 -27 -98
136 -46 -41
136 -29 -99
136 -47 -41
137 -31 -100
137 -47 -41
137 -32 -101
137 -47 -40
138 -34 -102
138 -47 -40
138 -35 -103
138 -48 -39
139 -37 -104
139 -48 -39
139 -39 -104
139 -48 -39
140 -40 -105
140 -48 -38
140 -42 -106
140 -48 -38
141 -44 -107
141 -49 -38
142 -45 -108
142 -49 -37
142 -47 -109
142 -49 -37
143 -48 -109
143 -49 -37
144 -49 -110
144 -50 -36
144 -51 -111
144 -50 -36
145 -52 -112
145 -50 -36
145 -53 -113
145 -50 -35
146 -54 -113
146 -51 -35
147 -55 -114
147 -51 -35
147 -56 -115
147 -51 -35
148 -57 -116
148 -51 -34
149 -58 -116
149 -51 -34
149 -59 -117
149 -51 -34
150 -59 -118
150 -52 -34
151 -60 -119
151 -52 -34
152 -61 -119
152 -52 -34
153 -62 -120
153 -52 -34
154 -62 -121
154 -52 -34
155 -63 -122
155 -52 -34
155 -63 -123
155 -52 -34
156 -64 -124
156 -52 -34
158 -65 -125
158 -52 -34
159 -65 -126
159 -52 -34
160 -66 -127
160 -52 -34
162 -66 -128
162 -52 -34
163 -67 -130
163 -52 -33
165 -68 -132
165 -52 -33
167 -68 -134
167 -52 -33
169 -69 -137
169 -52 -33
173 -70 -140
173 -53 -32
177 -71 -145
177 -52 -32
-176 -71 -150
-176 -52 -32
-170 -72 -156
-170 -52 -32
-163 -72 -162
-163 -51 -33
-157 -72 -167
-157 -51 -33
-152 -73 -171
-152 -50 -34
-149 -73 -173
-149 -50 -34
-147 -74 -175
-147 -49 -35
-145 -75 -176
-145 -49 -36
-143 -76 -178
-143 -49 -37
-138 -77 178
-138 -48 -38
-133 -78 175
-133 -46 -40
-128 -78 172
-128 -45 -42
-126 -78 172
-126 -43 -44
-125 -79 174
-125 -40 -47
-121 -79 171
-121 -38 -49
-114 -79 166
-114 -36 -51
-105 -80 160
-105 -34 -53
-98 -81 156
-98 -32 -56
-89 -84 149
-89 -29 -59
-65 -87 128
-65 -27 -62
22 -87 42
22 -25 -64
49 -84 17
49 -22 -66
55 -80 14
55 -19 -68
56 -77 15
56 -16 -69
57 -74 16
57 -14 -68
59 -71 15
59 -13 -67
61 -68 13
61 -13 -65
63 -65 11
63 -13 -62
65 -61 8
65 -13 -58
66 -57 7
66 -12 -54
67 -51 6
67 -11 -49
68 -46 5
68 -10 -45
68 -41 4
68 -9 -40
69 -36 3
69 -9 -35
69 -31 2
69 -8 -30
69 -26 1
69 -8 -25
69 -21 0
69 -6 -20
69 -16 0
69 -5 -15
69 -11 0
69 -3 -10
69 -6 1
69 -1 -6
70 -1 1
70 0 -2
70 2 1
70 2 2
71 7 2
71 4 6
72 12 3
72 6 10
72 15 3
72 8 13
73 16 4
73 8 14
73 14 4
73 8 12
73 11 5