36 10 -5
35 11 -7
35 12 -9
36 13 -12
36 14 -15
36 16 -18
35 16 -20
35 17 -23
34 18 -25
34 18 -28
34 18 -30
33 19 -33
32 19 -35
31 19 -38
30 19 -41
29 19 -44
28 19 -47
26 18 -49
24 17 -52
21 15 -55
19 13 -58
16 11 -61
14 9 -64
12 8 -67
10 6 -69
8 4 -71
6 3 -73
3 1 -76
1 0 -78
-1 -3 -80
-4 -5 -81
-8 -8 -80
-11 -11 -78
-14 -14 -75
-18 -18 -71
-22 -21 -68
-26 -25 -63
-30 -30 -59
-35 -34 -54
-40 -39 -49
-45 -44 -44
-50 -49 -39
-55 -54 -34
-59 -58 -30
-63 -61 -26
-66 -65 -22
-69 -68 -19
-72 -70 -17
-74 -72 -15
-76 -74 -13
-77 -76 -11
-79 -77 -10
-79 -78 -9
-80 -79 -9
-80 -79 -8
-81 -80 -8
-81 -81 -7
-82 -82 -6
-84 -83 -5
-85 -84 -4
-86 -86 -3
-88 -87 -1
-89 -87 0
-89 -88 0
-90 -87 0
-91 -87 1
-91 -87 1
-91 -87 1
-92 -87 2
-92 -86 2
-93 -86 3
-93 -86 3
-93 -86 3
-94 -85 4
-94 -85 4
-95 -84 5
-96 -83 6
-97 -82 7
-97 -82 7
-98 -81 8
-99 -80 9
-99 -80 9
-99 -80 9
-99 -80 9
-99 -80 9
-99 -80 9
-100 -79 10
-101 -78 11
-101 -78 11
-102 -77 12
-103 -76 13
-104 -75 14
-104 -75 14
-105 -74 15
-105 -74 15
-105 -74 15
-105 -74 15
-105 -74 15
-105 -74 15
-105 -74 15
-105 -74 15
-105 -74 15
-105 -74 15
-104 -75 14
-104 -75 14
-104 -75 14
-104 -75 14
-103 -76 13
-103 -76 13
-102 -77 12
-102 -77 12
-102 -77 12
-101 -78 11
-101 -78 11
-100 -79 10
-100 -79 10
-100 -79 10
-100 -79 10
-100 -79 10
-100 -79 10
-100 -79 10
-100 -79 10
-100 -79 10
-100 -79 10
-100 -79 10
-100 -79 10
-100 -79 10
-100 -79 10
-100 -79 10
-100 -79 10
-100 -79 10
-100 -79 10
-99 -80 9
-99 -80 9
-99 -80 9
-99 -80 9
-99 -80 9
-99 -80 9
-99 -80 9
-100 -79 10
-100 -79 10
-100 -79 10
-101 -78 11
-101 -78 11
-102 -77 11
-102 -77 12
-103 -76 12
-103 -76 13
-103 -75 13
-104 -75 13
-104 -75 14
-104 -74 14
-105 -74 14
-105 -74 14
-105 -74 14
-105 -74 14
-105 -74 14
-105 -74 14
-105 -74 14
-105 -74 14
-105 -74 14
-105 -74 14
-104 -74 14
-104 -75 13
-103 -75 13
-103 -76 12
-102 -76 11
-102 -77 11
-102 -77 11
-101 -77 11
-101 -77 11
-101 -77 11
-101 -78 10
-101 -78 10
-100 -78 10
-100 -78 10
-100 -78 9
-100 -79 9
-99 -79 9
-99 -80 8
-98 -80 8
-98 -81 7
-97 -81 6
-96 -82 6
-95 -83 5
-95 -83 4
-94 -84 3
-93 -84 2
-92 -85 2
-92 -85 1
-91 -85 1
-91 -85 1
-91 -85 1
-92 -85 1
-92 -85 1
-92 -86 1
-92 -86 1
-92 -86 1
-92 -86 1
-92 -86 1
-92 -86 1
-92 -86 1
-92 -86 1
-92 -86 1
-92 -86 1
-92 -86 1
-92 -86 1
-92 -86 1
-92 -86 1
-91 -86 1
-91 -86 1
-91 -86 1
-91 -86 1
-91 -86 1
-91 -86 1
-92 -86 1
-92 -86 1
-92 -86 1
-92 -85 1
-92 -85 1
-92 -85 1
-92 -85 2
-92 -85 2
-92 -85 2
-92 -85 2
-92 -85 2
-92 -85 2
-92 -85 2
-92 -85 2
-92 -85 2
-92 -85 2
-92 -85 2
-92 -85 2
-92 -85 2
-92 -85 2
-92 -85 2
-93 -85 2
-93 -85 2
-93 -85 2
-93 -85 2
-93 -85 2
-93 -85 2
-93 -85 2
-93 -85 2
-93 -85 2
-93 -85 2
-92 -85 2
-92 -85 2
-92 -85 2
-93 -85 2
-93 -85 2
-93 -85 2
-93 -85 2
-93 -85 2
-93 -85 2
-93 -85 2
-93 -85 2
-93 -85 2
-93 -85 2
-93 -85 2
-93 -85 2
-93 -85 2
-93 -85 2
-93 -85 2
-93 -85 2
-93 -85 2
-93 -85 2
-93 -85 2
-93 -85 2
-93 -85 2
-93 -85 2
-93 -85 2
-93 -85 2
-93 -85 2
-93 -85 2
-93 -85 2
-93 -85 2
-93 -85 2
-93 -85 2
-93 -85 2
-93 -85 2
-93 -85 2
-93 -85 2
-93 -85 2
-93 -85 2
-93 -85 2
-93 -85 2
-93 -85 2
-93 -85 2
-93 -85 2
-93 -85 2
-93 -85 2
-93 -85 2
-93 -85 2
-93 -85 2
-93 -85 3
-93 -85 3
-93 -85 3
-93 -85 3
-93 -85 3
-93 -85 3
-94 -85 3
-94 -85 3
-94 -85 3
-94 -85 3
-94 -85 3
-94 -85 3
-94 -85 3
-94 -85 3
-94 -84 3
-94 -84 3
-94 -84 3
-94 -84 2
-94 -84 2
-95 -84 2
-95 -84 2
-95 -84 2
-95 -84 2
-95 -83 1
-95 -83 1
-95 -83 1
-95 -83 0
-96 -83 0
-97 -83 0
-97 -82 0
-98 -82 0
-99 -82 0
-100 -82 0
-100 -82 0
-101 -82 0
-102 -82 0
-103 -81 0
-104 -81 0
-105 -81 0
-107 -81 1
-108 -81 1
-109 -81 1
-110 -81 0
-111 -81 0
-113 -81 0
-114 -81 0
-115 -81 0
-116 -81 0
-117 -81 0
-118 -81 0
-119 -81 0
-120 -81 0
-120 -81 0
-120 -81 0
-121 -81 0
-121 -81 0
-121 -81 -1
-121 -81 -1
-121 -81 -1
-121 -81 -1
-121 -81 -1
-121 -81 -1
-120 -80 -1
-120 -80 -1
-120 -80 -1
-120 -80 -1
-120 -80 -1
-120 -80 -1
-120 -80 -1
-120 -80 -1
-120 -80 -1
-120 -80 -1
-120 -80 -1
-120 -80 -1
-120 -80 -1
-120 -80 -1
-120 -80 -1
-120 -80 -1
-120 -80 -1
-120 -80 -1
-120 -80 -1
-120 -80 -1
-120 -80 -1
-121 -80 -1
-121 -80 -1
-121 -80 -1
-121 -80 -1
-121 -80 -1
-121 -80 -1
-121 -80 -1
-121 -80 -1
-121 -80 -1
-121 -80 -1
-121 -80 -1
-121 -80 -1
-121 -80 -1
-121 -80 -1
-121 -80 -1
-121 -80 -2
-121 -80 -2
-121 -80 -2
-121 -79 -2
-121 -79 -2
-121 -79 -2
-121 -79 -2
-121 -79 -2
-121 -79 -2
-121 -79 -2
-122 -79 -1
-122 -79 -1
-122 -79 -1
-122 -79 -1
-122 -79 -1
-122 -79 -1
-122 -79 -1
-122 -79 -1
-122 -79 -1
-122 -79 -1
-122 -79 -1
-121 -79 -1
-121 -79 -1
-121 -79 -1
-121 -79 -1
-121 -79 -1
-121 -79 -1
-120 -79 -1
-120 -79 -1
-120 -79 -1
-120 -79 -1
-120 -79 -1
-120 -79 -1
-120 -79 -1
-120 -79 -1
-120 -79 -1
-120 -79 -1
-120 -79 -1
-120 -79 -1
-120 -79 -1
-120 -79 -1
-120 -79 -1
-120 -79 -1
-120 -79 -1
-120 -79 -1
-120 -79 -1
-120 -79 -2
-120 -79 -2
-120 -79 -2
-120 -79 -2
-120 -79 -2
-120 -79 -2
-120 -79 -2
-120 -79 -2
-120 -79 -2
-120 -79 -2
-120 -79 -2
-119 -79 -2
-120 -79 -2
-119 -79 -2
-119 -79 -2
-119 -79 -2
-119 -79 -2
-119 -79 -2
-119 -79 -2
-119 -79 -2
-119 -79 -2
-119 -79 -2
-119 -79 -2
-119 -79 -2
-119 -79 -2
-120 -79 -2
-120 -79 -1
-120 -79 -1
-120 -79 -1
-120 -79 -1
-119 -79 -1
-119 -79 -1
-119 -79 -1
-119 -79 -1
-119 -79 -1
-119 -79 -1
-119 -79 -1
-119 -79 -2
-119 -79 -2
-119 -79 -2
-120 -79 -2
-120 -79 -2
-120 -79 -2
-120 -79 -2
-120 -79 -2
-120 -79 -2
-120 -79 -2
-120 -79 -2
-120 -79 -1
-120 -79 -1
-120 -79 -1
-120 -79 -1
-120 -79 -1
-120 -79 -1
-120 -79 -1
-120 -79 -1
-120 -79 -2
-120 -79 -2
-120 -79 -2
-119 -79 -2
-119 -79 -2
-118 -79 -2
-117 -79 -2
-116 -79 -2
-115 -79 -2
-114 -79 -2
-112 -79 -2
-110 -79 -2
-109 -78 -2
-107 -78 -2
-105 -78 -2
-104 -78 -2
-102 -77 -2
-101 -77 -2
-99 -77 -2
-98 -77 -1
-98 -77 -1
-97 -77 0
-96 -77 0
-95 -77 0
-95 -77 0
-94 -77 0
-93 -77 0
-93 -77 0
-92 -76 1
-92 -76 1
-91 -76 1
-91 -76 2
-91 -76 2
-90 -76 2
-90 -76 3
-89 -76 3
-88 -76 3
-88 -76 3
-88 -76 3
-87 -76 4
-86 -76 4
-86 -76 4
-85 -75 4
-84 -75 4
-83 -75 5
-83 -76 5
-82 -76 5
-81 -76 5
-80 -76 5
-79 -76 5
-78 -76 5
-77 -76 5
-76 -76 5
-75 -76 5
-75 -76 6
-74 -76 6
-73 -76 6
-72 -77 5
-71 -77 5
-70 -77 5
-70 -77 4
-69 -78 4
-69 -78 4
-69 -78 4
-68 -78 4
-68 -78 4
-68 -78 4
-68 -78 4
-68 -78 4
-68 -78 4
-68 -78 4
-68 -78 4
-68 -78 3
-68 -78 3
-68 -79 3
-68 -79 3
-68 -79 3
-69 -79 3
-69 -79 3
-69 -79 3
-69 -79 3
-69 -79 3
-69 -79 3
-70 -79 3
-70 -79 3
-70 -79 3
-70 -79 3
-70 -79 3
-70 -79 3
-70 -79 3
-70 -79 3
-70 -79 2
-70 -80 2
-70 -80 2
-70 -80 2
-70 -80 2
-70 -80 2
-70 -80 2
-70 -80 2
-70 -80 2
-70 -80 2
-70 -80 2
-70 -80 2
-70 -80 2
-70 -80 2
-70 -80 2
-70 -80 2
-70 -80 1
-70 -80 1
-70 -80 1
-70 -80 1
-70 -80 1
-70 -80 1
-70 -80 1
-70 -80 1
-70 -80 1
-70 -80 1
-70 -80 1
-70 -80 1
-70 -80 1
-70 -80 1
-70 -80 1
-70 -80 1
-70 -80 1
-70 -80 1
-70 -80 1
-70 -80 1
-70 -80 1
-70 -80 1
-70 -80 1
-70 -80 1
-70 -80 1
-70 -80 1
-69 -80 1
-69 -80 1
-69 -80 1
-69 -80 1
-69 -80 1
-69 -80 1
-69 -80 1
-69 -80 1
-69 -80 1
-69 -80 1
-69 -80 1
-69 -80 1
-69 -80 1
-69 -80 1
-69 -81 1
-69 -81 1
-69 -81 1
-69 -81 0
-69 -81 0
-69 -81 0
-68 -81 0
-68 -81 0
-68 -81 0
-68 -81 0
-68 -81 0
-68 -81 0
-68 -81 0
-68 -81 0
-68 -81 0
-68 -81 0
-68 -81 0
-68 -81 0
-68 -81 0
-68 -81 0
-68 -81 0
-68 -81 0
-68 -81 0
-67 -81 0
-67 -81 0
-67 -81 0
-67 -81 0
-67 -81 0
-67 -81 0
-66 -81 0
-66 -81 0
-66 -81 0
-66 -81 0
-66 -80 0
-66 -80 0
-66 -80 0
-66 -80 0
-65 -80 0
-65 -80 0
-66 -80 0
-66 -80 0
-66 -81 0
-66 -81 0
-66 -81 0
-67 -81 0
-67 -81 0
-67 -81 0
-68 -81 0
-68 -81 0
-69 -81 0
-70 -81 0
-71 -81 -1
-71 -81 -1
-72 -81 -1
-73 -81 -1
-73 -81 -2
-74 -81 -2
-75 -81 -2
-76 -81 -3
-77 -81 -3
-78 -81 -3
-78 -81 -3
-79 -81 -3
-79 -81 -4
-80 -82 -4
-81 -82 -4
-81 -82 -4
-82 -82 -4
-82 -82 -4
-83 -83 -4
-83 -83 -4
-84 -83 -4
-84 -83 -4
-84 -83 -4
-84 -83 -4
-85 -84 -4
-85 -84 -4
-85 -84 -3
-85 -84 -3
-86 -84 -3
-86 -84 -3
-86 -84 -4
-86 -84 -4
-86 -84 -4
-86 -84 -4
-86 -84 -4
-86 -84 -4
-86 -84 -4
-86 -84 -4
-86 -84 -4
-86 -84 -4
-86 -84 -3
-87 -84 -3
-87 -84 -3
-87 -84 -3
-86 -84 -4
-86 -84 -4
-86 -84 -4
-86 -83 -4
-85 -83 -5
-85 -83 -5
-84 -82 -6
-83 -82 -6
-83 -81 -7
-82 -81 -8
-80 -80 -9
-79 -79 -10
-77 -77 -12
-76 -76 -13
-74 -74 -15
-72 -73 -16
-71 -71 -18
-69 -69 -20
-66 -67 -22
-64 -64 -25
-61 -62 -27
-59 -59 -29
-57 -57 -31
-55 -55 -34
-52 -52 -36
-50 -50 -38
-47 -47 -41
-45 -45 -43
-43 -43 -45
-41 -41 -47
-39 -39 -49
-37 -37 -50
-35 -35 -52
-34 -34 -53
-33 -33 -54
-31 -31 -55
-30 -30 -56
-29 -29 -57
-28 -28 -58
-28 -28 -58
-27 -27 -59
-27 -27 -59
-27 -27 -59
-27 -26 -59
-27 -26 -59
-27 -26 -59
-27 -26 -59
-27 -26 -59
-27 -26 -60
-27 -26 -60
-26 -26 -60
-26 -26 -60
-26 -26 -60
-26 -26 -60
-26 -26 -60
-26 -25 -60
-26 -25 -60
-26 -25 -60
-26 -25 -60
-26 -25 -60
-26 -25 -60
-26 -25 -60
-26 -25 -60
-26 -25 -60
-26 -25 -60
-26 -25 -60
-26 -25 -60
-26 -25 -60
-26 -25 -60
-26 -25 -60
-26 -25 -60
-26 -25 -60
-26 -25 -60
-26 -25 -60
-26 -25 -60
-26 -25 -60
-26 -25 -60
-26 -25 -60
-26 -25 -60
-26 -25 -60
-26 -25 -60
-26 -25 -60
-26 -25 -60
-25 -25 -60
-25 -25 -60
-25 -25 -60
-25 -25 -60
-25 -25 -60
-25 -25 -60
-25 -25 -60
-26 -25 -60
-25 -25 -60
-25 -25 -60
-25 -25 -60
-25 -25 -60
-25 -25 -60
-25 -25 -60
-25 -25 -60
-25 -25 -60
-25 -25 -60
-25 -25 -60
-25 -25 -60
-25 -25 -60
-25 -25 -60
-25 -25 -60
-25 -25 -60
-25 -25 -60
-25 -25 -60
-25 -25 -60
-25 -25 -60
-25 -25 -60
-25 -25 -60
-25 -25 -60
-25 -25 -60
-25 -25 -60
-25 -25 -60
-25 -25 -60
-25 -25 -60
-25 -25 -60
-25 -25 -60
-25 -25 -60
-25 -25 -60
-25 -25 -60
-26 -25 -60
-26 -25 -60
-26 -25 -60
-26 -25 -60
-26 -25 -60
-26 -25 -60
-26 -25 -60
-26 -25 -60
-26 -25 -60
-26 -25 -60
-25 -25 -60
-25 -25 -60
-25 -25 -60
-25 -25 -60
-25 -25 -60
-25 -25 -60
-25 -25 -60
-25 -25 -60
-25 -25 -60
-25 -25 -60
-25 -25 -60
-25 -25 -60
-25 -25 -60
-25 -25 -60
-26 -25 -60
-26 -25 -60
-26 -25 -60
-26 -25 -60
-26 -25 -60
-26 -26 -59
-27 -26 -59
-27 -27 -58
-28 -27 -58
-28 -27 -57
-29 -28 -57
-30 -29 -56
-31 -30 -55
-32 -31 -54
-33 -32 -53
-34 -34 -52
-36 -35 -51
-37 -36 -50
-38 -38 -48
-40 -40 -47
-42 -41 -45
-44 -43 -44
-45 -45 -42
-47 -47 -40
-49 -49 -38
-51 -51 -36
-53 -53 -34
-56 -55 -32
-58 -58 -30
-60 -60 -28
-62 -62 -26
-64 -64 -24
-66 -66 -22
-69 -69 -20
-71 -71 -18
-73 -73 -15
-75 -75 -13
-77 -77 -11
-80 -80 -9
-82 -82 -7
-84 -84 -5
-86 -86 -3
-89 -89 0
-91 -88 1
-93 -86 3
-95 -84 5
-97 -82 7
-99 -80 9
-101 -78 11
-103 -76 13
-105 -74 15
-107 -72 17
-109 -70 19
-111 -68 21
-113 -66 22
-115 -64 24
-117 -63 26
-118 -61 27
-120 -59 29
-121 -58 30
-123 -56 32
-125 -54 34
-127 -53 35
-129 -51 37
-130 -49 38
-132 -47 40
-134 -46 41
-135 -44 43
-136 -43 44
-137 -42 45
-138 -41 45
-139 -40 46
-140 -40 47
-140 -39 47
-141 -39 47
-141 -39 48
-141 -39 48
-141 -39 48
-141 -39 48
-141 -39 47
-141 -39 47
-141 -39 47
-141 -39 47
-141 -39 47
-141 -39 47
-140 -39 47
-141 -39 47
-141 -39 47
-141 -39 47
-141 -38 48
-142 -38 48
-142 -38 48
-142 -37 48
-142 -37 48
-142 -37 48
-142 -37 48
-142 -37 48
-142 -37 48
-142 -37 48
-142 -37 48
-142 -37 48
-142 -37 48
-142 -37 48
-142 -37 48
-142 -38 48
-142 -38 48
-141 -38 47
-141 -38 47
-141 -38 47
-141 -39 47
-141 -39 46
-140 -39 46
-140 -39 46
-140 -39 46
-140 -39 46
-140 -40 45
-140 -40 45
-140 -40 45
-140 -40 45
-140 -40 45
-140 -40 45
-140 -40 45
-140 -40 45
-140 -40 45
-140 -40 45
-140 -40 45
-140 -40 45
-140 -40 45
-140 -40 45
-140 -40 45
-140 -40 46
-140 -40 46
-140 -40 46
-140 -40 46
-140 -40 45
-140 -40 45
-139 -40 45
-139 -40 45
-139 -40 45
-139 -40 45
-139 -40 45
-139 -40 45
-139 -40 45
-139 -40 45
-139 -40 45
-139 -40 45
-139 -40 45
-139 -40 45
-139 -40 45
-139 -40 45
-139 -40 45
-139 -40 45
-139 -40 45
-139 -40 45
-139 -40 45
-139 -40 45
-139 -40 45
-139 -40 45
-139 -40 45
-139 -40 45
-139 -40 45
-139 -40 45
-139 -40 45
-139 -40 45
-139 -40 45
-139 -40 45
-139 -40 45
-139 -40 45
-139 -40 45
-139 -40 45
-139 -40 45
-139 -40 45
-139 -40 45
-139 -40 45
-139 -40 45
-139 -40 45
-139 -41 45
-139 -41 45
-139 -41 45
-139 -41 45
-139 -41 45
-139 -41 45
-139 -41 45
-139 -41 45
-138 -41 45
-138 -41 45
-138 -41 45
-138 -41 45
-138 -41 45
-138 -41 45
-138 -41 44
-138 -41 44
-138 -41 44
-138 -41 44
-138 -41 44
-138 -41 44
-138 -41 44
-138 -41 44
-138 -41 44
-138 -41 44
-138 -41 44
-138 -41 44
-138 -41 44
-137 -42 44
-137 -42 43
-137 -42 43
-137 -43 43
-136 -43 42
-136 -44 42
-135 -44 41
-134 -45 41
-134 -46 40
-133 -46 39
-132 -47 38
-131 -49 37
-130 -50 36
-128 -51 35
-127 -52 34
-125 -54 32
-124 -55 31
-122 -57 29
-120 -59 27
-118 -61 26
-116 -63 24
-114 -65 22
-112 -67 20
-110 -69 18
-108 -71 16
-106 -73 14
-104 -75 12
-102 -77 11
-100 -79 9
-98 -81 7
-96 -83 5
-94 -85 3
-92 -86 2
-91 -87 1
-90 -88 0
-88 -88 -1
-87 -87 -2
-87 -87 -2
-86 -86 -3
-86 -86 -3
-85 -85 -4
-85 -85 -4
-84 -84 -4
-84 -84 -5
-84 -84 -5
-84 -84 -5
-84 -84 -5
-84 -84 -5
-84 -84 -5
-84 -84 -5
-84 -84 -5
-84 -84 -5
-84 -84 -5
-84 -84 -5
-85 -85 -4
-85 -85 -4
-85 -85 -4
-85 -85 -4
-86 -84 -4
-86 -83 -3
-86 -82 -3
-86 -81 -3
-87 -80 -3
-87 -78 -3
-87 -76 -4
-87 -74 -4
-87 -72 -4
-87 -69 -5
-87 -67 -6
-87 -64 -6
-87 -62 -7
-87 -59 -8
-88 -57 -8
-88 -54 -9
-89 -52 -10
-90 -49 -11
-90 -47 -12
-90 -44 -13
-90 -42 -14
-90 -40 -15
-90 -39 -16
-90 -37 -17
-90 -36 -18
-90 -35 -18
-90 -34 -19
-90 -33 -19
-91 -32 -19
-91 -32 -20
-91 -31 -20
-91 -31 -20
-91 -31 -20
-91 -31 -20
-91 -30 -20
-91 -30 -20
-91 -30 -20
-91 -30 -20
-90 -30 -20
-90 -30 -20
-90 -30 -20
-90 -30 -20
-90 -30 -20
-90 -30 -20
-90 -30 -20
-90 -30 -20
-90 -30 -19
-90 -30 -19
-90 -30 -19
-90 -30 -19
-90 -30 -19
-90 -30 -19
-90 -30 -19
-90 -30 -19
-90 -30 -19
-90 -31 -19
-90 -31 -19
-90 -31 -18
-90 -31 -18
-90 -31 -18
-90 -31 -18
-90 -32 -18
-90 -32 -18
-90 -32 -18
-90 -32 -18
-90 -32 -18
-90 -32 -18
-90 -32 -18
-90 -32 -18
-90 -32 -18
-90 -32 -18
-90 -33 -18
-90 -33 -18
-90 -33 -17
-90 -33 -17
-90 -33 -17
-90 -33 -17
-90 -33 -17
-90 -33 -17
-90 -33 -17
-90 -33 -17
-90 -33 -17
-90 -33 -16
-90 -34 -16
-90 -34 -15
-90 -34 -15
-90 -34 -14
-90 -34 -14
-91 -34 -14
-90 -34 -13
-90 -34 -13
-90 -35 -12
-90 -35 -12
-91 -35 -11
-90 -35 -11
-90 -35 -10
-90 -35 -10
-90 -35 -9
-90 -35 -8
-90 -34 -7
-90 -34 -6
-90 -34 -5
-90 -34 -4
-90 -34 -2
-90 -34 -1
-90 -34 0
-89 -34 1
-89 -34 2
-89 -34 3
-88 -34 4
-88 -34 4
-88 -34 5
-88 -34 6
-87 -34 6
-87 -34 7
-87 -34 7
-87 -34 7
-87 -34 7
-86 -34 8
-86 -34 8
-86 -34 8
-86 -33 8
-86 -33 8
-86 -33 9
-86 -33 9
-86 -33 9
-86 -33 9
-86 -33 9
-86 -33 9
-86 -33 8
-86 -33 8
-85 -33 8
-85 -33 8
-85 -33 8
-85 -33 8
-85 -32 8
-85 -32 8
-85 -32 8
-85 -32 8
-85 -32 8
-85 -32 8
-85 -32 7
-85 -32 7
-85 -32 7
-85 -32 7
-85 -32 7
-85 -32 7
-85 -32 7
-85 -32 7
-85 -32 7
-85 -32 7
-85 -32 7
-85 -32 7
-85 -32 7
-85 -32 7
-85 -33 7
-85 -33 7
-85 -33 7
-85 -33 7
-85 -33 7
-85 -33 7
-85 -33 7
-85 -33 7
-85 -33 7
-85 -33 7
-85 -33 6
-85 -33 6
-85 -33 6
-85 -33 6
-85 -33 6
-85 -33 6
-85 -33 6
-85 -34 6
-85 -34 6
-85 -34 6
-85 -34 6
-85 -34 6
-85 -34 6
-85 -34 6
-85 -34 6
-85 -34 6
-85 -34 6
-85 -34 6
-85 -35 6
-85 -35 6
-85 -35 6
-85 -36 6
-85 -36 7
-86 -37 7
-86 -38 7
-86 -39 7
-87 -40 7
-87 -41 8
-88 -43 8
-88 -44 9
-89 -46 9
-89 -47 9
-90 -49 9
-90 -51 10
-91 -53 10
-92 -54 11
-93 -56 11
-93 -58 12
-94 -60 12
-94 -61 12
-95 -63 12
-96 -64 13
-97 -66 13
-97 -67 13
-98 -68 13
-99 -69 14
-99 -70 14
-100 -71 14
-101 -72 14
-101 -73 14
-102 -73 14
-102 -74 14
-103 -74 14
-104 -74 14
-104 -74 15
-105 -74 15
-106 -74 15
-106 -73 16
-107 -72 16
-108 -71 17
-109 -69 18
-110 -68 18
-111 -66 19
-111 -65 19
-112 -64 19
-112 -62 20
-113 -61 20
-113 -60 20
-114 -59 21
-114 -58 21
-114 -57 21
-114 -57 21
-114 -56 21
-114 -56 21
-114 -55 21
-114 -55 20
-114 -55 20
-114 -55 20
-114 -55 20
-114 -55 20
-114 -55 19
-114 -55 19
-114 -55 19
-114 -55 19
-113 -55 18
-113 -56 18
-113 -56 18
-113 -56 18
-113 -56 18
-113 -56 17
-113 -56 17
-113 -56 17
-112 -56 17
-112 -56 17
-112 -56 17
-112 -56 17
-112 -56 16
-112 -56 16
-112 -56 16
-112 -56 16
-112 -56 16
-112 -56 16
-112 -56 16
-112 -56 16
-112 -56 16
-112 -56 16
-112 -57 16
-112 -57 16
-112 -57 16
-112 -57 16
-111 -57 16
-111 -57 16
-111 -57 15
-111 -57 15
-111 -57 15
-111 -57 15
-111 -57 15
-111 -57 15
-111 -57 15
-111 -57 15
-111 -57 15
-111 -57 15
-111 -57 15
-111 -57 15
-111 -57 15
-111 -57 15
-111 -57 15
-111 -57 15
-111 -57 15
-111 -57 15
-111 -57 15
-111 -57 15
-111 -57 15
-111 -57 15
-111 -57 15
-111 -57 15
-111 -57 15
-111 -57 15
-110 -57 15
-110 -57 15
-110 -57 15
-110 -57 15
-110 -57 15
-110 -57 15
-110 -57 15
-110 -58 15
-110 -58 15
-110 -58 15
-110 -58 15
-110 -58 14
-110 -58 14
-110 -58 14
-110 -58 14
-110 -58 14
-110 -58 14
-110 -58 14
-110 -58 14
-110 -58 14
-110 -59 14
-110 -59 14
-110 -59 14
-109 -59 14
-109 -59 14
-109 -59 14
-109 -59 13
-109 -59 13
-109 -59 13
-109 -59 13
-109 -59 13
-109 -59 13
-109 -59 13
-109 -59 13
-109 -59 13
-109 -59 13
-109 -59 13
-109 -59 13
-109 -59 13
-109 -59 13
-109 -59 13
-109 -59 13
-109 -59 13
-109 -59 13
-109 -59 13
-109 -59 13
-109 -59 13
-109 -59 13
-109 -59 13
-109 -59 13
-109 -59 13
-109 -59 13
-109 -59 13
-109 -59 13
-109 -59 13
-109 -59 13
-109 -59 13
-109 -59 13
-109 -59 13
-109 -59 13
-109 -59 13
-109 -59 13
-109 -59 13
-109 -59 13
-109 -59 13
-109 -59 13
-109 -59 13
-109 -59 13
-109 -59 13
-109 -59 13
-109 -59 13
-109 -59 13
-109 -59 13
-109 -59 13
-109 -59 13
-108 -59 13
-108 -59 13
-108 -60 12
-108 -60 12
-108 -60 12
-108 -60 12
-108 -60 12
-108 -60 12
-108 -60 12
-108 -60 12
-108 -60 12
-108 -60 12
-108 -60 12
-108 -60 12
-108 -60 12
-108 -60 12
-108 -61 12
-108 -61 12
-108 -61 12
-108 -61 12
-108 -61 12
-108 -61 12
-108 -61 12
-108 -61 12
-108 -61 12
-107 -61 12
-107 -61 12
-107 -61 12
-107 -62 12
-107 -62 12
-107 -62 12
-107 -62 11
-107 -62 11
-107 -62 11
-107 -62 11
-106 -63 11
-106 -63 11
-106 -63 11
-106 -63 11
-105 -64 11
-105 -64 10
-105 -64 10
-105 -65 10
-104 -65 10
-104 -65 10
-104 -66 10
-103 -66 10
-103 -67 10
-103 -67 9
-102 -68 9
-102 -68 9
-102 -69 9
-101 -70 9
-101 -70 9
-101 -71 9
-100 -72 8
-100 -73 8
-99 -74 8
-99 -75 8
-98 -76 7
-98 -76 7
-97 -77 7
-97 -78 6
-96 -79 6
-96 -80 6
-95 -81 6
-95 -82 5
-94 -83 4
-93 -84 3
-93 -85 3
-92 -86 2
-92 -87 2
-91 -87 2
-91 -88 1
-91 -88 1
-91 -88 1
-90 -88 0
-90 -88 0
-90 -88 0
-90 -88 0
-90 -87 0
-90 -87 0
-90 -87 0
-90 -87 0
-90 -86 0
-89 -86 0
-89 -86 -1
-89 -86 -1
-89 -85 -1
-89 -85 -1
-89 -85 -1
-88 -85 -2
-88 -85 -2
-88 -85 -2
-88 -85 -2
-88 -85 -2
-88 -85 -2
-88 -85 -2
-87 -85 -3
-87 -85 -3
-87 -85 -3
-87 -85 -3
-87 -85 -3
-87 -85 -3
-87 -85 -3
-87 -85 -3
-87 -85 -3
-87 -85 -3
-87 -85 -3
-87 -85 -3
-87 -85 -3
-87 -85 -3
-86 -85 -3
-86 -85 -3
-86 -85 -3
-86 -85 -3
-86 -85 -3
-86 -85 -3
-86 -85 -3
-86 -85 -3
-86 -85 -3
-86 -85 -3
-86 -85 -3
-86 -85 -3
-86 -86 -3
-86 -86 -3
-86 -86 -3
-86 -86 -3
-86 -86 -3
-86 -86 -3
-86 -86 -3
-86 -86 -3
-86 -86 -3
-86 -86 -3
-86 -86 -3
-87 -86 -3
-87 -86 -3
-87 -86 -3
-87 -86 -2
-87 -86 -2
-87 -86 -2
-87 -86 -2
-87 -86 -3
-87 -86 -3
-87 -86 -3
-87 -86 -3
-87 -86 -3
-87 -86 -3
-87 -86 -3
-87 -86 -3
-87 -86 -3
-87 -86 -3
-87 -86 -3
-87 -86 -3
-87 -86 -3
-87 -86 -3
-87 -86 -3
-87 -86 -3
-87 -86 -3
-87 -86 -3
-87 -86 -2
-87 -86 -2
-87 -86 -2
-87 -86 -2
-87 -86 -2
-87 -86 -2
-87 -87 -2
-87 -87 -2
-87 -86 -2
-87 -86 -2
-87 -86 -2
-87 -86 -2
-87 -86 -2
-87 -86 -2
-87 -86 -2
-87 -86 -2
-87 -86 -2
-87 -86 -2
-87 -86 -2
-87 -86 -2
-87 -86 -2
-87 -86 -2
-87 -86 -2
-87 -86 -2
-87 -86 -2
-87 -86 -2
-87 -86 -2
-87 -86 -2
-87 -86 -2
-87 -86 -2
-87 -86 -2
-87 -86 -2
-87 -86 -2
-87 -86 -2
-87 -86 -2
-87 -86 -2
-87 -86 -3
-87 -86 -3
-87 -86 -3
-87 -86 -3
-87 -86 -3
-87 -86 -3
-87 -86 -3
-87 -86 -3
-87 -86 -3
-87 -86 -3
-87 -86 -3
-87 -86 -3
-87 -86 -3
-87 -86 -3
-87 -86 -3
-87 -86 -3
-87 -86 -3
-87 -86 -3
-87 -86 -3
-87 -86 -3
-87 -86 -3
-87 -86 -3
-87 -86 -3
-87 -86 -3
-87 -86 -3
-87 -86 -3
-87 -86 -3
-87 -86 -3
-87 -86 -3
-87 -86 -3
-87 -86 -3
-86 -86 -3
-86 -86 -3
-86 -86 -3
-86 -86 -3
-86 -86 -3
-86 -86 -3
-86 -86 -3
-86 -86 -3
-86 -86 -3
-86 -86 -3
-86 -86 -3
-86 -86 -3
-86 -86 -3
-86 -86 -3
-86 -86 -3
-86 -86 -3
-86 -85 -3
-86 -85 -3
-86 -85 -3
-86 -85 -3
-86 -85 -3
-86 -85 -3
-86 -85 -3
-86 -85 -3
-86 -85 -3
-86 -85 -4
-86 -85 -4
-86 -85 -4
-86 -85 -4
-86 -85 -4
-86 -85 -4
-86 -85 -4
-86 -85 -4
-86 -85 -4
-86 -85 -4
-86 -85 -4