0 0 0
0 0 0
0 0 0
0 0 0
0 0 0
0 0 0
-1 1 0
-1 1 0
-1 1 0
-1 2 0
-1 2 0
-1 2 0
-1 3 0
-1 3 0
0 3 -1
0 3 -1
0 3 -1
1 3 -1
2 3 -1
3 4 -2
4 4 -2
5 4 -2
5 4 -2
6 4 -2
6 4 -2
7 4 -2
7 4 -2
8 4 -3
9 5 -3
9 5 -3
10 5 -3
11 5 -4
12 5 -4
13 5 -5
14 5 -5
15 6 -5
16 6 -6
17 6 -6
18 7 -6
19 7 -7
20 7 -7
21 8 -7
22 8 -7
23 9 -7
24 9 -8
24 10 -8
25 10 -8
26 10 -8
26 11 -8
27 11 -8
27 12 -8
27 12 -8
27 13 -8
27 13 -8
27 13 -8
27 14 -8
27 14 -8
27 15 -8
27 15 -8
27 15 -8
27 16 -8
27 16 -8
27 16 -8
27 17 -9
27 17 -9
28 17 -9
28 18 -9
28 18 -9
28 18 -9
28 18 -9
28 18 -9
27 18 -9
27 18 -9
27 18 -9
27 18 -9
26 18 -10
26 18 -10
25 17 -10
25 17 -10
24 17 -10
24 16 -10
24 16 -11
23 16 -11
23 16 -11
23 15 -11
22 15 -11
22 15 -12
22 14 -12
22 14 -12
22 14 -12
23 14 -12
23 13 -12
23 13 -12
23 13 -13
23 13 -13
23 13 -13
23 12 -13
23 12 -13
23 12 -13
23 12 -13
23 12 -13
23 12 -13
23 11 -13
23 11 -13
23 11 -13
23 11 -13
24 11 -13
24 11 -13
25 12 -13
26 12 -13
26 12 -13
27 13 -13
28 13 -13
30 14 -13
31 14 -12
32 15 -12
34 15 -12
35 16 -12
36 17 -11
38 17 -11
39 18 -11
41 19 -10
42 20 -9
44 21 -9
45 22 -8
47 23 -7
49 24 -6
50 25 -5
52 27 -4
53 29 -2
55 30 -1
56 32 0
58 34 2
59 37 4
60 39 6
61 41 8
62 43 10
63 46 13
63 48 15
64 50 17
64 52 19
64 54 20
64 56 22
65 58 24
65 59 25
64 61 26
64 62 28
64 64 30
64 66 31
64 67 33
64 69 34
64 70 36
64 72 37
64 73 39
64 75 40
64 76 41
64 77 43
64 78 44
64 79 45
63 80 45
63 81 46
63 81 47
63 82 47
63 82 48
62 83 48
62 83 48
62 84 49
62 84 49
62 84 49
62 85 50
62 85 50
61 85 50
61 85 50
61 85 50
61 85 50
61 85 50
61 85 50
61 85 50
61 86 50
61 86 50
61 86 50
61 86 50
61 86 50
61 86 50
61 86 50
60 86 50
60 86 51
60 86 51
60 86 51
60 86 51
60 86 51
60 86 51
60 86 51
60 87 51
60 87 51
60 87 51
60 87 51
60 87 51
60 87 51
60 87 51
60 87 51
60 87 51
60 87 51
61 87 51
61 87 51
61 87 51
61 87 52
61 87 52
61 88 52
61 88 52
61 88 52
61 88 52
61 88 52
61 89 53
61 89 53
61 89 53
61 90 54
61 90 54
61 90 54
61 90 54
61 90 54
61 90 54
61 90 54
61 90 54
61 90 54
61 90 54
61 90 54
61 91 54
61 91 55
61 91 55
61 91 55
61 91 55
61 92 56
61 92 56
61 92 56
61 92 56
61 92 56
61 93 56
61 93 57
61 93 57
61 93 57
61 93 57
61 93 57
61 94 57
61 94 58
61 94 58
61 94 58
61 95 58
61 95 59
61 95 59
61 95 59
61 95 59
61 96 59
61 96 60
61 96 60
61 96 60
61 97 60
61 97 61
61 97 61
61 97 61
61 98 62
61 98 62
61 98 62
61 99 63
61 99 63
61 99 63
61 99 63
60 100 64
60 100 64
60 100 64
60 100 64
60 100 64
60 100 64
60 100 64
60 100 64
60 100 64
60 100 64
60 100 65
60 101 65
60 101 65
60 101 65
60 101 65
60 101 65
60 101 66
60 101 66
60 101 66
60 102 66
60 102 66
60 102 66
60 102 66
60 102 66
60 102 67
60 102 67
60 102 67
60 102 67
60 102 67
60 102 67
60 102 67
60 103 67
60 103 67
60 103 67
60 103 67
60 103 67
60 103 67
60 103 68
60 103 68
60 103 68
60 103 68
60 103 68
59 103 68
59 103 68
59 103 68
59 103 68
59 103 68
59 104 68
59 104 68
59 104 68
59 104 68
59 104 68
59 104 68
59 104 69
59 104 69
59 104 69
59 104 69
59 104 69
59 104 69
59 104 69
59 104 69
59 104 69
59 105 70
59 105 70
59 105 70
59 105 70
59 105 70
59 105 70
59 105 71
59 105 71
59 105 70
59 105 70
59 105 70
59 105 70
59 105 70
59 105 70
59 104 70
59 104 70
59 104 70
59 104 70
59 104 70
59 104 70
59 104 70
59 104 70
59 103 69
59 103 69
59 102 69
59 102 68
59 101 68
58 101 67
58 100 66
58 99 66
58 99 65
58 98 64
58 97 63
58 96 63
58 96 62
58 95 61
57 94 60
57 93 58
57 92 57
57 90 56
57 89 55
56 88 53
56 87 52
56 85 51
56 84 49
55 83 48
55 82 47
55 81 46
54 80 45
54 79 43
53 78 42
53 77 41
52 76 40
52 75 39
52 74 38
51 73 37
50 72 36
50 71 35
49 70 33
49 69 32
48 68 31
47 67 29
46 65 28
45 64 26
44 63 24
42 61 23
41 60 21
39 58 19
37 57 17
35 55 15
33 54 14
31 53 12
29 52 10
27 51 9
24 50 7
22 49 5
19 48 4
16 47 2
14 47 1
11 46 0
8 45 -1
5 45 -2
2 45 -4
0 44 -5
-2 44 -6
-5 44 -7
-7 43 -8
-10 43 -9
-12 43 -10
-14 43 -11
-17 43 -12
-19 42 -13
-20 42 -14
-22 42 -15
-23 42 -16
-24 42 -16
-25 41 -17
-26 41 -17
-27 41 -17
-27 40 -17
-27 40 -16
-27 39 -16
-27 39 -16
-27 39 -16
-27 39 -16
-27 39 -16
-28 39 -16
-28 39 -16
-28 39 -17
-29 38 -17
-29 38 -17
-29 38 -17
-30 38 -17
-29 37 -16
-29 37 -16
-29 37 -16
-28 37 -16
-27 37 -16
-27 37 -15
-26 37 -15
-25 37 -15
-23 37 -14
-22 37 -14
-21 37 -13
-20 37 -13
-18 37 -12
-16 37 -12
-15 37 -11
-13 37 -11
-12 37 -10
-10 37 -9
-8 37 -9
-6 37 -8
-4 37 -7
-2 38 -6
0 38 -5
1 38 -5
3 39 -4
5 39 -3
8 39 -2
10 40 -1
13 40 0
15 41 0
17 41 1
19 42 3
22 43 4
24 43 5
26 44 6
27 45 7
29 46 9
31 46 10
33 47 11
34 48 12
36 49 13
37 49 15
38 50 16
39 51 17
40 52 18
42 53 19
43 54 21
44 55 22
45 56 23
46 57 24
47 58 26
48 59 27
49 61 29
50 62 30
51 64 32
52 65 34
53 67 36
54 70 39
55 72 41
56 74 44
57 77 46
58 79 49
58 82 52
59 85 55
59 87 58
60 90 61
60 93 64
60 96 68
60 99 71
60 102 74
60 105 77
59 108 80
59 111 83
58 113 85
58 115 87
58 116 88
58 117 89
57 118 90
57 118 91
57 118 91
57 119 91
57 119 91
57 118 91
57 118 91
57 118 91
57 118 91
57 118 91
56 118 91
56 118 91
56 118 91
56 118 90
56 118 90
56 118 90
56 118 90
56 117 89
56 117 89
56 116 88
57 116 87
57 115 87
57 115 86
57 114 85
57 114 85
57 113 84
57 113 83
57 112 82
57 111 81
57 109 78
57 106 76
57 103 72
56 100 69
56 97 64
55 93 60
55 89 56
54 86 52
53 82 48
51 79 44
50 76 40
49 73 37
47 71 34
45 69 31
43 66 28
41 64 25
39 62 22
37 61 20
34 59 17
31 57 15
28 56 13
25 55 11
22 53 9
19 52 7
16 51 5
13 50 3
10 49 2
7 49 0
5 48 0
2 48 -2
0 47 -3
-3 47 -4
-5 46 -5
-8 46 -6
-10 46 -7
-12 46 -7
-13 46 -8
-15 45 -9
-16 45 -10
-17 45 -10
-18 45 -11
-19 45 -11
-20 45 -12
-20 45 -12
-21 45 -13
-21 45 -13
-22 46 -13
-22 46 -13
-23 46 -13
-23 46 -14
-24 46 -14
-24 46 -14
-24 46 -14
-25 46 -14
-25 46 -14
-26 46 -14
-26 46 -15
-27 46 -15
-27 46 -15
-28 47 -15
-28 47 -15
-28 47 -15
-29 47 -15
-29 47 -15
-29 47 -15
-29 47 -15
-29 47 -15
-29 47 -15
-29 48 -16
-29 48 -16
-29 48 -16
-29 48 -15
-29 48 -15
-29 47 -15
-29 47 -15
-29 47 -15
-29 47 -15
-29 47 -15
-28 47 -15
-28 47 -15
-27 47 -15
-27 47 -14
-26 47 -14
-25 47 -14
-24 47 -13
-22 47 -12
-20 47 -11
-18 47 -10
-15 47 -9
-13 47 -8
-10 47 -6
-7 47 -5
-4 48 -3
-1 48 -2
1 48 0
4 49 0
7 49 2
10 50 3
13 50 5
16 51 7
19 52 9
22 53 10
24 54 12
27 55 14
30 56 16
33 57 19
35 59 21
38 61 23
40 62 26
42 64 29
45 67 32
47 69 36
49 73 40
51 76 44
53 80 49
54 84 54
56 89 59
56 94 65
57 98 70
57 102 75
57 106 79
57 109 82
56 111 85
56 113 87
56 115 89
56 117 91
56 118 92
56 119 94
56 120 95
56 121 96
56 122 97
56 123 98
56 123 98
56 124 99
56 124 99
55 125 100
55 125 100
55 125 100
55 125 100
55 125 100
55 125 100
55 125 99
55 125 99
55 125 100
54 125 100
54 125 100
54 125 100
54 125 100
54 125 100
54 125 100
54 125 99
54 125 99
54 125 99
54 125 99
55 124 98
55 124 98
55 124 98
55 124 98
54 123 97
54 123 97
54 123 97
55 123 97
55 123 96
55 123 96
55 122 96
55 122 96
55 122 95
55 121 95
55 120 94
55 120 93
55 118 92
55 117 90
55 115 87
55 112 84
55 108 80
55 105 76
55 100 71
54 96 66
53 92 61
52 87 56
51 83 51
49 79 46
47 76 42
45 72 37
42 69 33
40 66 29
37 63 26
34 61 23
31 59 20
28 57 17
24 56 14
21 55 12
18 53 10
15 52 8
11 51 5
8 50 3
5 49 2
2 48 0
0 48 -1
-3 47 -3
-6 47 -4
-9 46 -6
-11 46 -7
-14 46 -9
-16 46 -10
-18 46 -11
-19 45 -11
-20 45 -12
-21 45 -13
-22 45 -13
-22 45 -13
-22 45 -13
-22 45 -13
-22 45 -13
-22 45 -13
-22 45 -13
-22 45 -13
-22 46 -12
-21 46 -12
-21 46 -12
-21 46 -12
-21 46 -12
-21 46 -12
-21 46 -12
-21 46 -12
-21 46 -12
-21 46 -12
-21 46 -12
-21 46 -12
-21 46 -12
-21 46 -12
-21 46 -12
-21 46 -12
-21 46 -12
-21 46 -11
-21 46 -11
-20 46 -11
-20 46 -11
-20 46 -11
-20 46 -11
-19 46 -11
-19 46 -11
-19 46 -11
-19 46 -11
-19 46 -11
-19 46 -11
-19 46 -11
-19 46 -11
-19 46 -11
-19 46 -11
-18 46 -11
-18 46 -11
-18 46 -11
-17 47 -10
-17 47 -10
-16 47 -10
-15 47 -10
-15 47 -10
-14 47 -10
-13 47 -10
-12 47 -10
-11 48 -10
-10 48 -9
-8 48 -9
-6 48 -8
-4 49 -7
-2 49 -6
0 50 -5
3 50 -4
6 51 -2
10 52 0
14 53 1
19 55 4
23 57 7
27 59 10
32 63 15
36 66 20
40 71 25
44 76 32
47 82 39
49 88 47
51 95 55
52 102 64
52 108 72
52 114 79
51 119 85
50 122 89
49 125 92
49 126 94
48 126 94
48 126 94
48 125 94
49 125 93
49 124 93
49 124 93
49 125 93
48 125 94
48 126 95
47 127 96
47 127 97
47 127 97
47 127 97
47 127 97
47 127 97
47 127 97
47 127 97
47 127 97
47 127 97
47 127 97
47 127 97
47 127 97
47 127 97
47 127 97
47 127 97
47 126 96
48 126 96
48 126 95
48 125 95
48 125 94
48 125 94
48 124 93
49 123 92
49 122 91
49 121 89
49 119 87
50 117 85
50 115 82
50 112 78
50 109 75
50 105 71
50 102 67
49 99 63
49 95 59
48 92 55
47 89 52
46 86 48
45 83 44
43 79 40
41 76 36
39 73 32
36 70 28
34 67 24
31 65 21
28 62 18
25 60 15
21 59 12
18 57 9
15 56 7
11 55 4
8 54 2
5 53 0
2 52 -1
0 52 -3
-3 51 -5
-6 51 -7
-8 50 -8
-10 50 -10
-12 50 -11
-13 50 -12
-15 49 -13
-16 49 -13
-17 49 -14
-18 49 -14
-19 49 -14
-20 49 -15
-20 49 -15
-21 49 -15
-22 49 -15
-23 49 -16
-23 49 -16
-24 49 -16
-24 49 -16
-25 49 -17
-26 49 -17
-26 49 -17
-26 49 -17
-27 49 -17
-27 49 -17
-27 49 -18
-28 49 -18
-28 49 -18
-28 49 -18
-29 49 -19
-29 49 -19
-29 49 -19
-29 49 -19
-29 49 -19
-29 49 -19
-29 49 -19
-29 48 -19
-29 48 -19
-29 48 -19
-29 48 -19
-29 48 -19
-28 48 -18
-27 48 -18
-27 48 -18
-26 48 -17
-25 47 -16
-24 47 -16
-22 47 -15
-21 47 -14
-19 47 -13
-17 47 -12
-16 47 -11
-14 47 -10
-11 47 -9
-9 46 -8
-7 47 -7
-4 47 -6
-2 47 -5
0 47 -4
3 47 -3
6 48 -2
9 48 0
12 49 0
15 50 2
18 50 3
21 51 5
24 52 7
27 53 9
30 55 12
33 56 14
36 58 17
39 60 20
42 63 23
45 66 27
47 70 32
49 74 37
51 79 42
52 84 49
54 90 55
54 96 62
55 102 69
55 108 76
54 113 82
54 118 87
53 121 91
52 123 93
52 124 94
51 124 95
51 124 95
50 124 95
50 124 95
50 124 95
50 125 95
49 125 96
49 126 97
48 127 97
48 127 98
47 128 98
47 128 99
47 129 99
46 129 99
46 129 99
46 129 99
46 129 99
46 129 99
46 129 99
46 129 99
46 130 99
46 130 99
46 130 99
46 130 99
46 130 99
46 130 99
46 130 99
46 130 99
46 130 98
46 130 98
46 129 98
47 129 97
47 128 96
47 128 95
48 127 94
48 125 92
49 124 90
49 122 88
50 120 85
50 117 82
51 113 78
51 109 73
52 104 67
51 99 62
51 94 55
50 88 49
49 82 42
47 77 36
44 72 29
42 67 24
38 63 18
35 59 14
31 56 9
27 53 6
23 51 2
18 49 0
14 47 -3
9 45 -5
5 44 -7
1 42 -10
-2 41 -12
-5 40 -14
-9 40 -15
-12 39 -17
-14 39 -19
-16 38 -20
-18 38 -21
-20 38 -22
-22 38 -23
-23 38 -24
-23 38 -24
-24 38 -24
-24 38 -24
-23 38 -24
-23 38 -24
-23 38 -24
-22 38 -24
-22 38 -23
-22 38 -23
-22 38 -23
-22 38 -22
-22 38 -22
-22 38 -22
-22 38 -22
-22 38 -22
-22 38 -22
-22 38 -22
-22 38 -22
-22 38 -22
-22 38 -22
-22 38 -22
-22 38 -23
-23 38 -23
-23 38 -23
-23 37 -23
-23 37 -23
-23 37 -23
-23 37 -23
-23 37 -23
-23 37 -23
-22 37 -23
-22 37 -23
-22 37 -23
-22 36 -23
-22 36 -23
-22 36 -23
-22 36 -23
-22 36 -23
-22 36 -23
-22 36 -23
-22 36 -23
-21 36 -23
-21 36 -23
-21 36 -23
-20 36 -23
-20 36 -23
-19 36 -23
-18 36 -22
-18 36 -22
-16 36 -22
-15 36 -21
-14 36 -21
-12 36 -21
-10 37 -20
-8 37 -20
-6 37 -19
-3 38 -18
0 39 -18
2 39 -17
5 40 -16
8 41 -14
12 42 -13
15 42 -12
19 43 -10
23 45 -8
27 46 -6
31 48 -4
35 50 -1
40 52 1
44 55 5
48 58 9
52 63 15
55 69 22
58 76 29
61 84 38
62 92 48
63 101 58
63 110 67
62 117 75
61 123 82
60 128 87
59 131 90
58 133 93
57 135 95
57 136 96
57 137 97
56 137 98
56 138 99
55 139 101
55 140 102
55 141 103
54 142 103
54 142 103
54 142 103
54 142 103
54 142 103
54 142 103
55 142 103
55 142 103
55 142 103
55 142 103
55 142 103
55 142 102
55 141 102
55 141 102
56 141 101
56 140 100
56 139 99
57 138 98
57 136 97
58 135 95
59 133 92
59 130 90
60 127 86
60 124 83
61 120 78
61 116 74
61 111 68
61 106 63
61 100 56
61 94 49
59 87 42
58 80 35
56 74 28
53 68 21
49 63 15
46 58 10
42 55 6
38 52 2
34 49 0
30 47 -3
25 46 -6
21 44 -8
16 43 -10
12 42 -12
8 41 -14
3 40 -16
0 39 -18
-3 39 -19
-6 38 -21
-9 38 -22
-11 37 -23
-13 37 -24
-14 37 -25
-15 37 -25
-16 37 -26
-16 37 -26
-16 37 -26
-15 37 -26
-15 38 -26
-14 38 -26
-14 38 -25
-13 38 -25
-13 38 -25
-12 38 -25
-12 38 -25
-12 38 -24
-12 38 -24
-12 38 -24
-12 38 -24
-12 38 -24
-12 38 -24
-12 38 -24
-12 38 -25
-12 38 -25
-12 38 -24
-12 37 -24
-12 37 -24
-12 37 -24
-12 37 -24
-12 37 -23
-11 37 -23
-11 37 -23
-11 37 -23
-11 37 -22
-10 37 -22
-10 37 -22
-9 37 -22
-9 37 -22
-8 37 -21
-8 37 -21
-7 37 -21
-7 36 -21
-7 36 -21
-6 36 -20
-5 36 -20
-5 36 -20
-4 36 -20
-3 36 -20
-2 37 -19
0 37 -19
0 37 -18
2 37 -18
3 37 -17
5 37 -16
7 38 -16
9 38 -15
11 38 -14
13 39 -13
15 39 -12
17 39 -11
19 40 -10
21 40 -9
23 40 -8
24 41 -7
26 42 -6
28 42 -5
31 43 -3
33 44 -2
35 45 0
38 47 1
41 48 3
43 50 6
46 53 8
49 55 12
52 59 15
55 62 19
57 67 24
59 72 30
61 77 35
63 83 41
64 88 47
65 94 53
65 98 58
66 103 62
66 106 66
66 108 68
66 110 70
66 111 71
66 112 72
66 112 72
66 112 72
66 112 72
66 113 72
66 113 72
66 113 72
66 114 72
66 114 72
65 115 73
65 115 73
65 116 73
65 116 73
65 116 73
65 116 73
65 116 72
65 116 72
64 115 71
64 115 71
64 116 71
64 116 71
64 116 72
64 117 72
64 118 73
64 118 73
65 119 74
64 119 74
64 119 73
64 118 73
64 118 72
64 118 72
64 117 72
63 117 72
63 117 72
63 117 71
62 118 71
62 118 71
61 117 71
61 117 71
60 117 70
59 117 70
59 116 70
58 116 69
57 117 69
57 117 69
56 117 69
55 117 69
54 117 69
54 116 68
53 116 68
52 115 67
51 115 67
50 115 66
49 114 66
48 114 65
47 114 65
46 114 65
45 114 64
44 114 64
43 115 65
42 115 65
42 116 65
41 116 66
40 116 66
39 117 66
38 116 65
37 116 65
36 116 64
35 116 64
34 116 63
33 115 63
32 115 63
31 115 62
30 115 62
29 115 62
28 116 62
27 116 62
26 116 62
25 116 62
24 116 62
23 116 61
22 116 61
21 116 61
20 116 60
18 116 60
17 116 60
16 116 60
15 116 60
14 116 60
13 116 60
12 117 60
11 117 59
10 117 59
9 117 59
8 117 59
7 118 59
6 118 59
5 118 59
3 118 59
2 118 59
2 119 59
1 119 59
0 119 59
0 120 59
-1 120 59
-2 120 59
-3 121 60
-4 121 60
-5 121 60
-6 121 60
-7 121 60
-8 121 60
-9 121 60
-10 122 60
-11 122 60
-12 122 60
-13 122 60
-14 122 60
-15 123 60
-16 123 60
-17 123 60
-18 123 59
-19 123 59
-20 123 59
-21 123 59
-22 124 58
-23 124 58
-24 124 58
-25 125 57
-26 125 57
-27 126 57
-28 126 56
-29 126 56
-30 127 56
-31 127 55
-32 128 55
-33 128 54
-34 129 54
-35 129 53
-36 130 52
-37 130 51
-38 131 50
-39 131 49
-40 132 48
-41 133 47
-41 134 46
-42 134 45
-43 135 44
-44 136 43
-45 137 42
-46 138 41
-47 138 39
-48 139 38
-48 140 37
-49 141 36
-50 142 34
-50 143 33
-51 144 32
-52 145 30
-52 146 29
-53 147 28
-54 148 27
-55 149 26
-55 150 25
-56 151 23
-57 153 21
-58 154 19
-58 156 17
-59 158 15
-60 160 12
-60 162 10
-61 164 8
-61 166 6
-62 168 4
-62 170 1
-63 172 0
-63 174 -3
-64 177 -6
-64 179 -8
-64 -177 -11
-65 -174 -14
-65 -172 -17
-65 -169 -20
-65 -166 -23
-65 -163 -26
-65 -161 -28
-65 -159 -31
-65 -156 -33
-65 -154 -35
-64 -152 -37
-64 -150 -39
-63 -148 -41
-63 -147 -43
-62 -145 -45
-62 -143 -46
-61 -142 -48
-61 -141 -50
-60 -139 -51
-60 -138 -53
-59 -137 -54
-59 -135 -55
-58 -134 -57
-58 -133 -58
-58 -132 -59
-57 -131 -60
-57 -130 -62
-57 -129 -62
-56 -128 -63
-56 -127 -64
-55 -127 -65
-55 -126 -65
-55 -125 -66
-54 -125 -67
-54 -124 -67
-53 -123 -68
-53 -123 -68
-53 -122 -69
-53 -122 -69
-53 -121 -70
-53 -121 -70
-52 -120 -70
-52 -120 -71
-52 -119 -71
-52 -119 -71
-52 -119 -72
-52 -118 -72
-51 -118 -72
-51 -117 -73
-51 -116 -73
-51 -116 -73
-51 -115 -74
-51 -115 -74
-51 -114 -74
-51 -114 -74
-51 -114 -74
-51 -113 -75
-51 -113 -75
-51 -112 -75
-51 -112 -75
-51 -111 -76
-51 -111 -76
-52 -110 -76
-52 -110 -77
-52 -109 -77
-52 -109 -78
-52 -108 -78
-52 -107 -79
-52 -107 -79
-52 -106 -80
-52 -106 -81
-52 -105 -81
-52 -104 -82
-52 -104 -83
-52 -103 -84
-52 -102 -84
-52 -102 -85
-52 -101 -85
-52 -101 -86
-52 -101 -86
-52 -100 -87
-52 -100 -88
-52 -99 -88
-52 -99 -89
-52 -98 -90
-52 -98 -91
-52 -97 -92
-53 -96 -93
-53 -95 -94
-53 -94 -95
-53 -93 -96
-53 -92 -97
-53 -91 -99
-54 -89 -101
-54 -88 -102
-54 -87 -104
-54 -85 -105
-54 -84 -107
-54 -82 -109
-54 -80 -111
-54 -78 -114
-54 -76 -116
-54 -75 -118
-54 -73 -120
-54 -71 -122
-53 -70 -123
-53 -69 -125
-53 -67 -126
-52 -66 -128
-52 -64 -130
-52 -62 -132
-51 -61 -134
-51 -59 -136
-50 -57 -138
-50 -55 -140
-49 -53 -142
-49 -51 -144
-48 -49 -146
-47 -48 -148
-46 -46 -150
-45 -44 -152
-44 -43 -154
-43 -41 -156
-42 -39 -158
-41 -37 -160
-40 -35 -162
-39 -33 -164
-38 -32 -166
-37 -31 -168
-36 -29 -169
-35 -29 -170
-34 -28 -171
-33 -27 -172
-32 -27 -173
-31 -26 -174
-30 -26 -175
-29 -25 -176
-28 -25 -177
-26 -24 -177
-25 -24 -178
-24 -23 -179
-23 -23 179
-22 -22 178
-21 -22 178
-20 -21 177
-19 -21 176
-18 -21 175
-17 -21 175
-15 -20 174
-14 -20 173
-13 -20 173
-12 -19 172
-11 -19 171
-10 -19 171
-9 -19 170
-8 -19 169
-7 -19 169
-5 -19 168
-4 -19 168
-3 -18 167
-2 -18 166
-1 -18 166
0 -18 165
0 -18 164
1 -18 163
3 -18 162
4 -18 161
5 -18 161
7 -18 160
8 -18 159
9 -18 158
10 -18 158
11 -18 157
13 -18 156
14 -18 155
15 -18 154
16 -18 153
17 -19 152
19 -19 151
20 -19 150
21 -20 149
22 -20 149
23 -20 148
23 -21 147
24 -21 147
25 -21 146
25 -21 145
26 -22 144
27 -22 144
28 -23 143
29 -23 142
30 -24 141
30 -24 141
31 -25 140
32 -25 139
33 -25 138
34 -26 137
35 -26 136
35 -27 135
36 -27 134
37 -28 133
38 -28 132
38 -29 131
39 -29 131
39 -29 130
40 -29 129
40 -30 128
41 -30 128
41 -30 127
42 -31 127
42 -31 126
42 -31 126
42 -32 125
43 -32 125
43 -32 125
43 -32 124
43 -33 124
44 -33 123
44 -33 123
44 -33 122
44 -33 122
45 -34 121
45 -34 121
45 -34 120
46 -35 120
46 -35 120
46 -35 119
46 -36 119
47 -36 118
47 -37 118
47 -37 117
48 -37 116
48 -38 116
48 -38 116
48 -38 115
48 -38 115
49 -38 115
49 -39 115
49 -39 114
49 -39 114
49 -40 114
49 -40 114
49 -40 113
49 -40 113
49 -41 113
49 -41 113
49 -41 112
49 -41 112
49 -42 112
49 -42 112
49 -42 112
49 -42 111
49 -42 111
49 -42 111
49 -42 111
49 -43 111
49 -43 110
50 -43 110
50 -44 110
50 -44 110
50 -44 110
50 -44 109
50 -44 109
50 -44 109
50 -44 109
50 -44 110
50 -44 110
50 -44 110
50 -44 110
50 -45 109
50 -45 109
49 -45 109
49 -45 109
49 -46 108
49 -46 108
49 -46 108
50 -46 107
50 -47 107
50 -47 107
50 -47 106
50 -47 106
50 -48 106
50 -48 105
50 -48 105
50 -49 105
50 -49 105
51 -49 105
51 -49 105
51 -49 105
51 -49 105
51 -49 105
51 -49 105
51 -49 105
51 -49 106
51 -48 106
51 -48 106
50 -48 107
50 -47 108
50 -47 109
49 -45 111
49 -44 112
48 -43 115
48 -41 117
47 -39 120
46 -38 122
45 -36 125
43 -35 128
42 -33 130
40 -32 133
39 -31 135
37 -30 137
35 -29 140
34 -27 142
32 -26 145
30 -25 147
28 -25 150
26 -24 152
23 -23 154
21 -23 157
19 -22 159
17 -22 161
14 -22 163
12 -22 166
9 -22 168
7 -22 170
4 -22 172
2 -22 174
0 -23 176
-2 -23 178
-4 -24 -179
-7 -25 -177
-9 -26 -175
-11 -27 -173
-13 -28 -171
-14 -28 -169
-16 -29 -168
-18 -30 -166
-19 -31 -165
-20 -31 -164
-21 -32 -163
-22 -32 -163
-22 -32 -163
-23 -32 -163
-23 -32 -163
-23 -32 -163
-23 -32 -163
-23 -32 -163
-23 -31 -163
-22 -31 -164
-22 -31 -164
-22 -31 -164
-22 -31 -164
-23 -31 -165
-23 -30 -165
-23 -30 -165
-24 -30 -165
-24 -30 -165
-24 -30 -165
-25 -30 -165
-25 -30 -164
-25 -30 -164
-25 -30 -164
-25 -30 -164
-25 -30 -164
-25 -30 -164
-25 -30 -164
-25 -30 -164
-25 -30 -164
-24 -30 -165
-24 -29 -165
-24 -29 -166
-24 -29 -166
-24 -29 -166
-24 -29 -167
-24 -28 -167
-24 -28 -167
-24 -28 -167
-24 -28 -168
-24 -28 -168
-24 -28 -168
-23 -28 -169
-23 -27 -170
-22 -27 -170
-22 -27 -171
-21 -26 -172
-20 -25 -173
-19 -25 -174
-18 -24 -176
-17 -24 -177
-15 -23 -178
-14 -23 -179
-13 -22 178
-11 -21 177
-10 -21 175
-8 -20 174
-7 -20 173
-5 -20 171
-3 -19 170
-2 -19 169
0 -19 167
0 -19 166
2 -19 165
3 -19 164
5 -19 162
6 -19 161
8 -19 160
10 -19 159
11 -19 157
13 -19 156
15 -19 154
17 -19 153
19 -20 151
21 -20 149
23 -21 147
25 -22 146
27 -23 144
29 -24 141
31 -25 139
33 -26 137
35 -27 134
37 -29 132
39 -31 129
41 -32 126
43 -34 123
44 -36 121
46 -38 118
47 -40 116
47 -41 114
48 -42 113
48 -43 112
49 -44 111
49 -44 111
49 -44 111
49 -45 111
49 -45 111
49 -45 111
49 -45 111
49 -46 110
49 -46 110
49 -46 110
50 -46 110
50 -46 110
50 -45 111
50 -45 111
51 -45 112
51 -44 112
51 -44 113
50 -44 113
50 -44 114
50 -44 114
50 -44 114
50 -44 115
50 -44 115
50 -44 115
50 -44 115
50 -44 115
50 -44 115
49 -45 115
49 -45 115
49 -45 115
49 -45 115
49 -45 115
49 -45 115
48 -45 115
48 -45 116
48 -45 116
48 -44 116
48 -44 117
48 -44 117
48 -44 118
48 -43 118
47 -43 119
47 -43 119
47 -43 119
47 -43 119
46 -43 120
46 -42 121
46 -42 121
45 -42 122
45 -41 123
44 -41 124
44 -40 125
44 -39 126
43 -39 127
42 -38 129
42 -38 130
41 -37 131
40 -37 132
40 -36 133
39 -36 134
38 -35 135
37 -34 136
36 -34 138
35 -33 139
34 -32 140
33 -32 142
32 -31 144
30 -30 145
29 -29 147
28 -28 149
26 -28 150
24 -27 152
23 -26 154
21 -26 156
19 -25 157
17 -25 159
15 -24 161
13 -24 163
11 -24 164
9 -24 166
6 -23 168
4 -24 170
1 -24 173
0 -24 175
-3 -24 177
-5 -25 179
-8 -25 -178
-10 -26 -176
-12 -26 -173
-14 -27 -171
-16 -28 -169
-18 -29 -167
-19 -30 -166
-21 -31 -164
-22 -32 -163
-23 -32 -162
-24 -33 -160
-24 -33 -159
-25 -34 -159
-25 -34 -158
-26 -34 -157
-26 -35 -157
-26 -35 -156
-26 -35 -156
-26 -35 -156
-26 -35 -156
-26 -35 -156
-26 -35 -156
-26 -35 -156
-26 -35 -157
-26 -34 -157
-26 -34 -157
-26 -34 -157
-26 -34 -157
-26 -34 -157
-26 -34 -157
-26 -33 -158
-26 -33 -158
-26 -33 -158
-26 -33 -159
-26 -32 -159
-26 -32 -160
-26 -32 -160
-25 -31 -161
-25 -31 -162
-24 -30 -163
-24 -30 -164
-23 -29 -165
-22 -28 -166
-21 -27 -167
-20 -27 -169
-19 -26 -171
-17 -25 -173
-15 -24 -175
-13 -23 -177
-11 -22 179
-9 -21 177
-6 -21 175
-4 -20 173
-2 -20 171
0 -20 169
2 -20 167
4 -20 165
7 -20 163
9 -20 161
12 -20 159
14 -21 157
16 -21 155
18 -22 153
21 -22 151
23 -23 149
25 -24 147
27 -24 145
29 -25 143
31 -26 141
33 -27 139
34 -28 137
36 -29 135
37 -31 133
38 -32 131
40 -33 129
41 -34 127
42 -36 125
43 -37 122
44 -39 120
45 -40 118
46 -42 116
47 -43 114
47 -44 113
48 -45 111
48 -46 110
49 -47 110
49 -47 109
49 -48 109
49 -48 109
49 -48 108
49 -48 108
50 -48 108
50 -49 108
50 -49 107
51 -49 107
51 -49 107
51 -49 107
51 -49 107
51 -49 107
51 -49 107
51 -49 107
51 -49 108
51 -48 108
51 -48 109
51 -48 109
51 -48 109
51 -48 109
51 -48 109
50 -48 109
50 -48 110
50 -48 110
50 -48 110
50 -47 111
50 -47 111
49 -47 112
49 -46 113
49 -46 114
49 -45 115
49 -44 117
48 -42 118
47 -41 120
47 -40 123
46 -38 125
45 -37 127
44 -36 129
44 -35 131
43 -34 133
42 -32 134
41 -31 136
40 -30 138
39 -29 140
38 -28 142
37 -27 144
35 -26 145
34 -25 147
33 -25 149
31 -24 151
29 -23 154
27 -23 156
26 -22 158
24 -21 160
22 -21 162
20 -20 164
18 -20 166
16 -20 168
14 -20 170
12 -20 172
10 -20 174
8 -20 176
6 -20 178
4 -20 -179
3 -21 -178
1 -21 -176
0 -21 -174
-2 -22 -172
-4 -22 -170
-6 -23 -168
-8 -23 -167
-9 -24 -165
-11 -25 -163
-12 -25 -162
-14 -26 -160
-15 -27 -159
-16 -28 -157
-17 -28 -156
-18 -29 -156
-18 -29 -155
-19 -29 -154
-20 -30 -154
-20 -30 -153
-21 -31 -153
-21 -31 -152
-22 -32 -151
-23 -32 -150
-23 -33 -150
-24 -34 -149
-25 -34 -149
-25 -34 -148
-26 -35 -148
-26 -35 -148
-27 -35 -148
-27 -35 -148
-27 -35 -148
-27 -35 -148
-27 -35 -148
-27 -35 -148
-27 -35 -149
-27 -35 -149
-26 -34 -150
-26 -33 -152
-26 -33 -153
-25 -32 -155
-24 -31 -156
-23 -30 -158
-22 -29 -159
-21 -28 -161
-20 -27 -163
-19 -26 -164
-18 -26 -166
-16 -25 -168
-15 -24 -170
-13 -23 -172
-11 -22 -174
-9 -22 -177
-7 -21 -179
-5 -20 178
-3 -20 176
0 -19 174
1 -19 172
3 -19 171
6 -18 169
8 -18 167
10 -18 165
12 -18 163
15 -19 161
17 -19 160
18 -19 158
20 -19 157
22 -20 155
24 -20 154
26 -20 153
27 -21 152
29 -21 150
30 -22 149
31 -22 148
32 -23 147
34 -23 145
35 -24 144
36 -25 143
37 -26 141
38 -26 140
39 -27 138
40 -28 137
41 -29 135
42 -30 133
44 -32 131
45 -33 129
46 -35 126
48 -37 123
49 -38 121
50 -40 118
51 -42 115
52 -44 113
53 -46 111
54 -47 109
54 -48 108
55 -49 106
55 -50 106
55 -51 105
56 -52 105
56 -52 104
56 -52 104
56 -52 104
56 -52 104
56 -52 104
57 -52 104
57 -52 104
57 -52 104
57 -52 104
57 -52 104
57 -52 104
57 -52 104
57 -52 104
57 -52 104
57 -51 104
57 -51 104
57 -51 105
57 -51 105
57 -50 106
57 -50 106
57 -50 107
57 -49 108
57 -48 108
57 -48 109
56 -47 110
56 -46 112
56 -45 113
56 -44 114
56 -42 116
55 -41 118
55 -39 120
54 -37 123
53 -35 126
52 -33 129
51 -31 131
49 -29 134
48 -27 137
46 -26 140
44 -24 143
42 -23 146
40 -21 148
37 -20 151
35 -19 154
32 -18 156
30 -17 158
27 -17 161
24 -16 163
22 -16 165
19 -15 167
17 -15 169
14 -15 172
12 -15 174
9 -15 176
7 -15 178
4 -15 179
2 -15 -178
0 -16 -176
-1 -17 -174
-3 -17 -172
-5 -18 -171
-7 -19 -169
-9 -20 -167
-11 -21 -166
-13 -21 -164
-15 -22 -163
-16 -23 -161
-18 -24 -160
-19 -25 -158
-21 -26 -157
-22 -26 -155
-23 -27 -154
-24 -28 -153
-25 -29 -152
-26 -29 -152
-26 -30 -151
-27 -30 -150
-27 -30 -150
-28 -30 -150
-28 -30 -150
-28 -30 -151
-28 -30 -151
-28 -29 -152
-28 -29 -152
-28 -29 -153
-28 -28 -154
-28 -28 -154
-27 -27 -155
-27 -27 -156
-26 -26 -156
-26 -26 -157
-26 -26 -157
-25 -25 -158
-25 -25 -159
-25 -25 -159
-25 -24 -160
-24 -24 -161
-24 -23 -162
-24 -23 -162
-23 -23 -163
-23 -22 -164
-23 -22 -164
-22 -22 -165
-22 -22 -166
-21 -21 -167
-20 -21 -168
-19 -21 -169
-18 -20 -170
-17 -20 -171
-16 -19 -172
-14 -19 -174
-13 -18 -175
-11 -18 -176
-10 -17 -177
-8 -17 -179
-7 -17 179
-5 -16 178
-4 -16 177
-2 -16 175
-1 -16 174
0 -16 173
1 -16 172
3 -16 171
4 -16 169
6 -16 168
7 -16 167
9 -16 165
11 -16 164
12 -16 162
14 -16 161
16 -17 159
18 -17 158
19 -17 156
21 -18 155
23 -18 153
24 -19 152
26 -19 150
27 -20 148
29 -20 147
30 -21 145
32 -21 144
33 -22 142
35 -23 141
36 -24 139
37 -25 138
39 -25 136
40 -26 134
41 -28 133
42 -29 131
43 -30 129
45 -31 127
46 -33 125
47 -34 123
48 -36 121
50 -38 119
51 -40 116
52 -42 114
53 -43 111
54 -45 109
55 -47 107
56 -48 106
56 -49 104
57 -50 103
57 -50 103
57 -51 102
57 -51 102
58 -52 102
58 -52 102
58 -52 102
58 -52 102
58 -52 103
58 -52 103
58 -52 103
58 -52 103
59 -52 102
59 -52 102
59 -52 102
59 -52 102
59 -52 103
59 -51 104
59 -50 105
59 -49 106
59 -48 108
58 -46 111
58 -44 113
57 -42 116
56 -40 118
55 -38 121
54 -36 123
53 -35 126
52 -33 128
51 -32 130
50 -30 132
49 -29 134
48 -28 135
47 -27 137
46 -26 138
44 -25 140
43 -25 141
42 -24 143
41 -23 144
40 -22 145
38 -22 147
37 -21 148
35 -21 149
34 -20 150
32 -20 152
31 -19 153
29 -19 154
27 -18 156
25 -18 158
23 -17 159
21 -17 161
18 -17 163
16 -16 165
14 -16 166
11 -16 168
9 -16 170
6 -16 172
4 -16 173
1 -17 175
0 -17 177
-3 -17 179
-5 -18 -179
-8 -19 -177
-10 -19 -175
-13 -20 -173
-15 -20 -172
-17 -21 -170
-19 -22 -169
-21 -22 -167
-23 -23 -166
-25 -24 -165
-26 -24 -164
-28 -25 -163
-29 -25 -162
-29 -26 -162
-30 -27 -161
-30 -27 -161
-31 -27 -161
-31 -27 -160
-31 -27 -160
-31 -27 -161
-31 -27 -161
-31 -27 -161
-31 -27 -161
-31 -26 -162
-31 -26 -162
-32 -26 -162
-32 -26 -162
-32 -27 -162
-32 -27 -162
-33 -27 -161
-33 -28 -161
-33 -28 -161
-33 -28 -161
-33 -28 -161
-33 -28 -162
-33 -27 -162
-33 -27 -162
-33 -27 -163
-32 -26 -163
-32 -26 -164
-32 -25 -165
-31 -25 -165
-31 -24 -166
-30 -24 -167
-30 -23 -168
-29 -23 -169
-28 -22 -170
-28 -21 -171
-27 -21 -172
-26 -20 -173
-25 -20 -174
-23 -19 -175
-22 -18 -177
-21 -18 -178
-19 -17 -179
-17 -17 178
-16 -16 177
-14 -16 176
-12 -15 174
-10 -15 173
-8 -14 171
-6 -14 170
-5 -14 168
-3 -13 167
-1 -13 165
0 -13 164
2 -13 163
3 -13 162
5 -13 161
7 -13 160
8 -13 159
10 -13 157
12 -14 156
14 -14 155
17 -14 153
19 -14 152
21 -15 150
24 -15 148
26 -16 146
29 -17 144
31 -18 142
33 -19 140
36 -20 138
38 -21 136
40 -22 134
42 -23 132
44 -25 130
46 -26 128
47 -27 127
49 -28 125
50 -29 124
51 -30 122
51 -31 121
52 -32 120
52 -32 120
53 -33 119
53 -33 118
53 -34 118
53 -34 118
54 -35 117
54 -35 117
54 -36 116
54 -36 116
54 -36 116
55 -36 116
55 -36 116
55 -36 116
55 -36 116
55 -36 116
55 -36 115
56 -36 115
56 -36 115
56 -36 115
56 -36 115
56 -36 115
56 -36 115
56 -36 116
56 -36 116
56 -36 116
56 -36 116
56 -35 116
56 -35 117
56 -35 117
56 -35 117
56 -34 118
56 -34 118
56 -34 118
56 -34 119
56 -33 119
55 -33 120
55 -32 121
55 -31 122
54 -30 123
54 -29 124
53 -28 125
53 -27 127
52 -26 128
51 -25 130
50 -24 131
49 -22 133
48 -21 134
47 -20 135
46 -19 137
45 -18 138
44 -17 140
42 -16 142
40 -15 144
39 -14 145
36 -13 147
34 -13 149
32 -12 151
29 -11 153
27 -11 155
24 -10 157
22 -10 158
19 -10 160
16 -10 162
13 -10 164
10 -10 165
7 -10 167
4 -11 169
1 -11 171
-1 -12 173
-4 -13 174
-7 -14 176
-10 -15 178
-13 -16 -179
-15 -17 -177
-18 -18 -176
-20 -19 -174
-22 -21 -173
-23 -22 -172
-25 -23 -170
-26 -24 -169
-28 -25 -168
-29 -25 -168
-30 -26 -167
-30 -27 -166
-31 -27 -166
-31 -28 -165
-32 -28 -165
-32 -28 -165
-33 -28 -165
-33 -28 -165
-33 -28 -164
-33 -29 -164
-33 -29 -164
-33 -29 -164
-33 -29 -164
-33 -29 -164
-33 -29 -164
-33 -29 -164
-33 -29 -165
-33 -29 -165
-33 -29 -165
-33 -29 -165
-33 -29 -165
-33 -29 -165
-33 -29 -166
-33 -29 -166
-32 -29 -167
-32 -29 -167
-31 -28 -168
-31 -28 -169
-30 -28 -170
-29 -27 -170
-28 -27 -171
-28 -26 -172
-27 -26 -173
-26 -25 -174
-25 -24 -175
-24 -24 -176
-23 -23 -177
-22 -23 -178
-21 -22 -179
-19 -22 179
-18 -22 178
-17 -21 177
-15 -21 175
-14 -20 174
-12 -20 173
-11 -19 172
-9 -19 171
-8 -19 169
-6 -18 168
-4 -18 167
-3 -18 166
-1 -18 164
0 -18 163
2 -17 162
4 -17 160
6 -17 159
7 -16 157
9 -16 156
11 -16 155
13 -16 153
15 -16 152
17 -16 150
19 -16 148
21 -17 146
23 -18 144
25 -18 142
27 -19 140
28 -20 139
30 -20 137
31 -20 136
32 -20 136
33 -20 135
33 -21 134
34 -21 134
34 -21 134
34 -21 133
35 -22 133
35 -22 133
35 -22 132
36 -22 132
36 -22 132
37 -23 132
37 -23 132
38 -23 133
38 -22 133
39 -22 133
39 -22 134
40 -22 134
40 -21 135
41 -21 135
41 -21 135
42 -21 136
42 -20 136
43 -20 137
43 -20 137
44 -20 138
44 -20 139
45 -19 139
45 -19 140
46 -18 142
47 -17 143
47 -16 144
48 -15 145
49 -14 147
50 -13 148
51 -12 149
52 -11 151
53 -10 152
54 -8 154
54 -6 156
55 -4 158
56 -3 160
56 -1 162
56 0 165
57 2 167
57 4 169
58 6 171
58 8 173
59 10 175
59 12 177
60 15 -179
60 17 -176
60 21 -173
60 24 -170
60 28 -167
60 31 -163
60 34 -160
59 36 -158
59 38 -155
59 39 -154
59 40 -153
59 41 -152
58 42 -151
58 44 -150
57 45 -148
57 48 -146
56 50 -143
55 52 -141
54 55 -139
53 57 -136
52 59 -135
51 60 -133
50 62 -132
49 63 -130
48 65 -129
47 66 -128
46 67 -126
45 69 -125
43 70 -123
42 71 -122
40 72 -121
38 73 -120
36 73 -119
34 73 -119
32 74 -118
30 74 -118
28 74 -117
26 74 -117
24 74 -117
22 74 -116
20 74 -116
18 74 -115
16 75 -115
14 75 -115
11 75 -114
10 75 -114
8 76 -114
6 76 -113
5 76 -113
3 77 -113
2 77 -113
1 77 -113
0 78 -112
0 78 -112
-1 79 -112
-2 79 -111
-3 80 -111
-4 81 -110
-5 81 -110
-6 82 -110
-7 83 -109
-8 83 -109
-9 84 -108
-10 84 -108
-11 85 -107
-12 85 -107
-13 85 -106
-14 85 -106
-15 86 -106
-16 86 -106
-17 86 -106
-18 86 -106
-19 86 -106
-20 86 -105
-21 86 -105
-21 86 -104
-22 86 -104
-23 86 -103
-24 86 -103
-25 86 -102
-25 86 -102
-26 86 -102
-27 86 -101
-27 86 -101
-28 86 -100
-28 86 -99
-28 85 -99
-29 85 -98
-29 85 -97
-29 84 -96
-29 84 -96
-30 84 -95
-30 84 -95
-31 84 -95
-31 83 -95
-32 83 -94
-32 83 -94
-33 82 -93
-34 82 -92
-34 81 -91
-35 81 -91
-35 81 -90
-36 80 -90
-37 80 -89
-37 80 -88
-38 79 -88
-38 79 -87
-39 79 -87
-39 78 -86
-39 78 -85
-40 77 -85
-40 77 -84
-40 77 -84
-41 76 -83
-41 76 -83
-41 76 -82
-42 75 -82
-42 75 -82
-43 75 -81
-43 74 -81
-44 74 -81
-44 73 -80
-45 73 -79
-45 72 -79
-46 71 -78
-46 71 -77
-47 70 -76
-47 69 -75
-48 69 -74
-48 68 -74
-49 67 -73
-49 67 -72
-49 66 -71
-50 65 -70
-50 64 -69
-50 64 -69
-51 63 -68
-51 62 -67
-51 62 -67
-52 61 -66
-52 60 -65
-53 60 -65
-53 59 -64
-53 59 -64
-53 58 -63
-54 58 -62
-54 57 -62
-54 57 -61
-54 56 -61
-54 56 -60
-54 56 -60
-54 55 -60
-54 55 -59
-54 55 -59
-54 55 -58
-54 55 -58
-53 55 -57
-53 55 -57
-53 54 -57
-53 54 -56
-52 54 -56
-52 54 -56
-52 54 -56
-52 54 -56
-52 54 -56
-52 54 -55
-52 54 -55
-52 54 -55
-52 54 -55
-51 53 -54
-51 53 -53
-51 53 -53
-50 52 -52
-50 52 -52
-49 52 -51
-49 51 -51
-48 51 -51
-48 51 -50
-47 51 -50
-47 50 -49
-46 50 -48
-45 49 -48
-44 48 -47
-43 48 -46
-42 47 -45
-41 47 -45
-39 46 -44
-38 45 -44
-37 45 -43
-36 45 -43
-35 44 -42
-34 44 -41
-32 43 -41
-31 43 -40
-29 42 -39
-28 42 -38
-26 41 -38
-25 41 -37
-23 41 -36
-22 40 -36
-21 40 -35
-20 40 -34
-19 39 -34
-18 39 -33
-17 38 -32
-15 38 -32
-14 38 -31
-13 37 -30
-12 37 -30
-11 37 -29
-10 37 -29
-9 37 -28
-7 37 -28
-6 36 -27
-4 36 -26
-3 36 -26
-2 36 -25
0 36 -24
0 37 -23
2 37 -23
3 37 -22
4 37 -21
6 37 -21
7 37 -20
8 37 -19
10 37 -19
11 37 -18
12 38 -18
13 38 -17
15 38 -16
16 38 -16
17 38 -15
19 38 -14
20 38 -14
22 39 -13
23 39 -12
25 40 -11
26 40 -11
28 41 -10
29 41 -9
30 41 -8
32 42 -7
33 42 -6
35 43 -5
37 44 -4
38 44 -3
40 45 -2
42 46 -1
43 47 0
45 48 0
46 49 1
47 49 3
48 50 4
49 51 5
50 51 6
51 52 7
52 53 8
53 54 9
54 54 10
55 55 12
56 56 13
57 57 14
58 58 15
59 59 17
59 60 18
60 62 20
61 63 22
61 64 23
62 66 25
63 67 26
63 68 27
64 69 29
64 70 30
65 71 31
65 73 33
65 74 35
66 76 37
66 78 39
67 80 42
67 83 45
68 86 48
68 88 51
68 91 53
68 93 55
68 95 57
68 97 59
68 98 61
68 100 64
68 103 66
68 105 69
68 108 72
67 111 75
67 113 78
67 115 80
66 117 82
66 118 83
66 118 83
66 118 84
66 118 84
66 117 83
66 117 83
67 117 84
67 117 84
67 118 85
67 118 86
66 119 86
66 120 87
66 120 88
66 120 88
66 120 88
66 120 88
66 120 88
66 120 88
66 120 88
66 121 89
66 121 89
66 121 90
66 122 90
66 122 91
66 122 91
66 122 91
66 121 91
66 121 90
66 121 90
66 121 90
66 121 91
66 121 91
66 121 91
66 122 91
66 122 92
66 122 92
66 122 92
66 122 92
66 122 92
66 122 92
66 122 92
66 122 92
66 122 92
66 122 93
66 122 93
66 122 93
66 123 93
66 123 94
66 124 94
65 124 95
65 124 95
65 124 95
65 124 95
65 124 95
65 124 95
65 125 96
65 125 96
65 126 97
65 126 97
65 126 97
65 127 98
65 127 98
65 127 98
65 127 98
65 127 98
65 127 98
65 127 98
64 127 98
64 127 98
64 128 99
64 128 99
64 129 100
64 129 100
64 129 100
64 129 101
64 130 101
64 130 101
64 130 101
64 130 101
64 130 101
64 130 101
63 130 102
63 130 102
63 130 102
63 131 102
63 131 103
63 131 103
63 131 103
63 132 104
63 132 104
63 132 104
63 132 104
63 132 104
64 132 104
64 132 104
64 132 104
64 131 104
64 131 104
64 131 103
65 130 103
65 130 102
65 128 101
65 127 99
65 125 97
65 123 95
65 121 92
66 118 90
66 116 87
66 114 84
66 112 82
66 110 80
66 108 78
66 106 76
66 104 74
66 102 72
66 100 70
66 99 68
66 97 66
65 95 64
65 93 62
65 90 59
64 88 57
64 85 54
63 83 51
62 80 48
61 77 45
60 74 42
59 71 39
58 68 36
56 66 32
54 63 29
52 60 26
50 58 24
48 55 21
45 53 18
43 52 16
40 50 14
37 48 11
34 47 9
31 45 7
27 44 5
24 43 3
20 41 2
16 40 0
12 39 -1
8 38 -3
4 37 -4
1 37 -6
-2 36 -7
-5 36 -9
-8 36 -10
-10 35 -11
-12 35 -12
-14 35 -13
-16 35 -14
-17 35 -14
-18 34 -15
-19 34 -15
-20 34 -15
-21 34 -15
-21 34 -15
-21 34 -16
-21 34 -16
-20 34 -16
-20 35 -16
-20 35 -16
-20 35 -16
-19 35 -16
-19 36 -16
-19 36 -17
-20 36 -17
-20 36 -17
-20 36 -17
-20 36 -17
-20 36 -17
-20 36 -17
-20 36 -17
-19 36 -17
-19 35 -17
-18 35 -16
-17 35 -16
-17 35 -16
-16 35 -15
-15 35 -15
-14 35 -15
-13 34 -14
-12 34 -14
-11 34 -14
-9 34 -13
-8 34 -13
-6 34 -12
-4 34 -11
-2 33 -11
0 33 -10
1 33 -9
4 33 -8
6 33 -7
9 34 -6
12 34 -5
14 34 -4
17 34 -2
20 35 -1
23 35 0
26 36 1
28 37 2
31 37 4
34 38 6
37 39 7
40 40 9
42 41 11
45 43 13
48 45 16
51 47 19
54 50 22
57 54 27
60 58 32
62 64 38
65 70 46
67 78 54
68 87 64
69 97 75
69 106 85
68 115 94
67 121 101
66 126 106
65 130 111
64 133 114
63 135 116
62 137 118
61 138 120
61 139 121
60 140 122
60 140 123
59 141 124
59 141 124
58 141 124
58 141 125
57 141 125
57 141 125
57 141 125
56 141 124
56 141 124
55 141 124
55 141 123
55 141 123
54 141 122
54 140 121
54 140 121
54 140 121
54 140 120
54 140 120
54 140 119
55 140 119
55 140 119
55 139 119
55 139 118
55 139 118
55 139 118
56 139 118
56 138 117
56 138 116
57 137 115
57 136 114
57 135 113
58 134 112
58 133 111
59 132 109
60 130 107
60 129 105
61 126 103
62 124 100
62 120 96
63 116 91
63 111 86
64 106 81
64 101 75
64 95 69
63 89 63
62 84 57
61 79 51
60 74 46
59 69 41
57 65 36
55 61 32
53 58 28
51 55 25
49 52 22
46 50 19
44 48 16
41 46 14
39 44 12
36 43 10
34 42 8
31 40 6
28 39 5
26 38 3
23 37 2
21 36 1
18 35 0
16 34 -1
13 34 -2
11 33 -3
8 32 -4
6 31 -5
4 31 -6
2 31 -7
0 30 -8
-1 30 -9
-3 30 -10
-5 30 -11
-7 30 -12
-9 30 -13
-10 29 -14
-12 29 -14
-13 29 -15
-13 29 -16
-14 29 -16
-14 29 -17
-14 30 -18
-14 30 -18
-14 30 -18
-14 30 -19
-14 30 -19
-14 30 -19
-14 30 -19
-13 30 -19
-13 29 -18
-12 29 -18
-12 29 -18
-11 29 -18
-11 29 -18
-10 29 -18
-10 29 -18
-9 29 -18
-9 29 -17
-8 29 -17
-8 29 -17
-7 29 -17
-6 29 -17
-6 29 -16
-5 29 -16
-4 29 -16
-2 29 -15
-1 29 -15
0 30 -14
0 30 -14
2 30 -13
3 30 -13
5 30 -12
7 30 -11
8 30 -10
10 31 -10
12 31 -9
15 31 -8
17 31 -7
19 32 -6
22 32 -5
24 33 -4
27 33 -3
29 34 -1
31 34 0
34 35 0
36 36 2
38 37 3
40 37 4
42 38 5
43 39 7
45 40 8
47 41 10
48 42 11
50 43 13
51 45 15
52 46 16
54 48 18
55 50 21
56 52 23
57 54 25
58 56 27
59 58 30
60 60 32
61 63 35
62 65 38
63 68 41
64 71 44
64 75 48
65 79 52
65 83 56
66 87 61
66 92 66
66 97 71
66 102 76
66 107 82
65 112 86
65 116 91
64 120 94
63 122 97
62 124 99
60 126 101
60 127 102
59 128 103
58 129 103
58 129 104
57 130 105
57 131 106
56 131 106
56 132 107
55 132 107
55 133 108
55 133 108
54 133 109
54 133 109
54 133 109
54 134 109
54 134 109
54 134 109
54 134 109
54 134 109
54 134 109
54 134 109
54 134 109
54 134 109
54 134 108
54 134 108
54 134 108
54 134 108
54 133 108
55 133 108
55 133 107
55 133 107
55 132 106
56 131 105
56 130 104
57 129 102
58 127 100
58 125 98
59 123 95
60 120 92
60 117 88
61 113 84
61 109 80
62 105 75
62 101 70
62 96 65
62 90 59
61 85 53
60 80 47
59 74 41
57 70 36
55 65 31
53 61 27
51 58 23
48 55 19
46 52 16
43 50 13
40 47 10
37 46 7
34 44 5
30 42 3
27 41 1
23 39 0
19 38 -2
15 37 -4
12 36 -5
8 35 -7
5 35 -8
2 34 -9
0 34 -10
-1 33 -12
-3 33 -13
-5 33 -14
-7 32 -15
-8 32 -16
-10 32 -17
-11 32 -17
-12 31 -18
-12 31 -18
-13 31 -18
-13 31 -18
-13 31 -19
-13 31 -19
-12 31 -19
-12 31 -19
-12 31 -19
-11 31 -18
-11 31 -18
-11 31 -18
-10 31 -18
-10 31 -18
-10 31 -18
-10 31 -18
-10 31 -17
-9 31 -17
-9 31 -17
-9 31 -17
-8 31 -17
-8 31 -17
-8 31 -17
-7 31 -17
-7 31 -17
-6 31 -16
-6 31 -16
-5 31 -16
-4 31 -16
-3 31 -16
-2 31 -15
-1 31 -15
0 32 -15
1 32 -14
2 32 -14
4 32 -13
6 32 -13
8 32 -12
10 33 -11
12 33 -11
14 33 -10
16 34 -10
18 34 -9
20 34 -8
22 35 -7
25 35 -7
27 36 -6
29 36 -5
31 37 -4
34 38 -3
36 38 -2
38 39 -1
41 40 0
43 41 0
45 42 2
48 43 3
50 44 4
52 45 5
54 46 7
56 47 9
58 49 10
60 51 13
62 53 15
65 56 19
67 61 23
69 66 29
71 73 36
72 82 45
74 93 56
74 104 68
73 115 79
72 124 89
71 131 95
70 135 100
69 139 104
68 141 107
67 143 108
66 144 110
65 145 111
65 146 112
64 146 113
64 147 114
63 148 114
63 148 115
62 149 116
61 149 116
61 149 116
61 149 117
60 149 117
60 149 117
60 149 116
60 149 116
60 149 116
59 148 116
59 148 116
59 148 115
60 147 115
60 147 115
60 147 115
60 147 114
60 146 114
60 146 113
61 145 113
61 145 112
61 144 111
61 143 110
62 142 109
62 140 107
63 139 105
63 136 103
64 134 100
64 131 97
65 129 94
65 125 91
66 122 87
66 118 82
66 113 78
67 108 73
66 103 67
66 98 62
66 93 56
65 87 50
64 82 44
63 77 39
62 72 34
60 68 29
58 64 24
56 60 20
54 57 16
51 54 13
49 51 9
46 49 6
43 47 4
40 45 1
37 43 0
34 41 -2
31 40 -4
27 39 -6
24 38 -8
21 37 -9
18 36 -11
15 36 -12
13 35 -13
10 35 -14
8 34 -16
7 34 -17
5 34 -18
4 34 -19
3 33 -19
2 33 -20
1 33 -20
0 33 -21
0 33 -21
0 33 -21
0 33 -22
-1 33 -22
-1 33 -22
-2 33 -22
-2 32 -22
-3 32 -22
-3 32 -23
-4 32 -23
-5 32 -23
-5 32 -23
-6 32 -23
-6 32 -23
-6 31 -24
-6 31 -24
-6 31 -24
-6 31 -24
-6 31 -24
-6 31 -24
-5 31 -24
-5 31 -24
-5 31 -24
-5 31 -24
-5 31 -24
-5 31 -24
-5 31 -24
-5 31 -24
-4 30 -24
-4 30 -24
-3 30 -24
-2 30 -24
-2 30 -24
-1 30 -24
0 30 -24
0 30 -23
1 30 -23
2 30 -23
3 30 -22
4 30 -22
6 30 -21
8 30 -21
9 30 -21
11 30 -20
13 30 -20
15 30 -19
17 30 -18
19 30 -18
21 30 -17
23 30 -16
26 31 -16
29 31 -15
31 31 -14
34 32 -13
38 32 -12
41 33 -10
44 34 -9
48 35 -8
51 37 -6
55 39 -3
58 41 -1
62 45 2
65 49 6
68 54 12
71 61 19
73 70 28
74 82 40
75 94 52
75 106 65
75 117 76
74 126 85
72 133 91
71 137 96
70 140 99
69 142 101
68 143 102
68 143 102
67 142 102
67 141 101
66 140 100
66 138 98
66 137 97
66 136 96
65 135 95
65 135 95
65 135 95
65 136 95
64 136 95
64 137 96
63 137 96
63 137 97
63 138 97
63 138 97
63 138 97
63 138 97
63 138 97
63 138 97
63 138 97
63 138 97
64 139 97
64 139 97
64 139 97
64 139 97
64 139 97
63 140 97
63 140 97
63 140 97
64 141 98
64 141 98
64 141 98
64 141 98
64 141 98
64 141 97
64 140 96
65 139 95
65 138 94
66 136 92
66 134 90
67 131 87
68 128 83
68 124 79
69 120 74
69 114 69
69 109 63
69 102 56
69 96 49
69 89 42
68 83 35
67 76 29
65 71 23
64 66 17
62 61 12
59 57 8
57 53 3
54 49 0
50 46 -3
47 44 -6
42 41 -9
38 39 -11
34 37 -13
29 36 -15
24 34 -17
20 33 -19
15 33 -20
11 32 -21
8 31 -22
4 31 -23
1 31 -23
-1 31 -24
-4 31 -25
-6 31 -25
-8 31 -26
-9 31 -27
-10 31 -27
-12 31 -28
-12 31 -28
-13 31 -28
-13 31 -29
-14 31 -29
-14 31 -28
-14 31 -28
-14 31 -28
-14 31 -28
-15 31 -28
-15 31 -28
-15 31 -28
-15 31 -28
-15 31 -28
-16 31 -28
-16 31 -28
-16 31 -28
-17 31 -28
-17 31 -28
-18 31 -28
-18 31 -28
-18 31 -28
-18 31 -28
-19 32 -28
-19 32 -28
-19 32 -28
-19 32 -28
-19 32 -28
-18 32 -28
-18 32 -28
-18 32 -28
-18 31 -28
-17 31 -28
-16 31 -27
-15 31 -27
-15 31 -27
-14 31 -26
-12 31 -26
-11 31 -25
-10 31 -25
-9 31 -24
-8 31 -24
-6 31 -24
-4 30 -23
-2 30 -23
0 30 -22
1 30 -22
4 30 -21
7 30 -20
10 30 -20
13 31 -19
16 31 -18
18 31 -17
21 31 -16
24 32 -16
27 32 -15
30 33 -14
33 33 -13
36 34 -12
39 34 -11
42 35 -10
44 36 -9
47 36 -8
49 37 -7
52 38 -6
54 39 -4
56 40 -3
59 41 -1
61 43 0
63 45 2
65 47 4
67 50 7
69 53 11
71 57 15
74 62 20
75 68 27
77 77 35
78 86 45
79 96 55
79 105 65
79 113 72
79 117 77
79 120 80
79 121 81
79 121 81
79 121 81
79 121 80
79 121 81
79 122 81
78 123 82
78 124 83
78 125 84
77 126 85
77 127 86
77 128 87
77 129 87
76 129 88
76 130 89
76 131 90
76 132 91
76 133 91
76 134 92
76 134 92
76 134 93
76 134 93
76 134 93
76 134 93
76 134 93
76 134 92
76 134 92
77 134 92
77 134 92
77 134 92
77 134 93
77 134 93
77 134 93
77 134 92
77 133 92
77 132 91
77 131 90
77 129 88
77 128 86
77 126 85
77 125 83
76 124 82
76 123 81
76 122 81
75 122 80
75 121 80
74 121 79
74 120 79
73 119 78
73 118 77
72 117 76
72 116 74
71 114 73
71 113 72
70 112 71
69 112 70
68 111 69
67 111 69
66 111 69
65 111 69
64 111 69
63 112 69
62 112 69
61 112 69
60 111 68
59 111 68
58 110 67
57 109 66
56 109 65
55 108 64
53 108 64
52 108 64
50 108 64
49 108 64
48 108 63
46 108 63
45 108 63
44 108 62
43 108 62
41 108 62
40 108 62
39 108 61
37 108 61
36 108 61
35 108 60
34 108 60
32 108 60
31 108 59
30 108 59
28 108 59
27 109 59
26 109 59
24 109 59
23 110 58
22 110 58
20 111 58
19 111 58
18 112 58
16 112 58
15 113 58
14 113 58
13 113 58
11 114 58
10 114 58
8 115 58
7 115 58
5 116 57
4 116 57
2 116 57
1 117 57
0 117 57
-1 117 57
-2 117 57
-3 117 57
-5 118 56
-6 118 56
-7 118 55
-8 118 55
-9 119 55
-10 119 54
-12 119 54
-13 120 53
-14 120 53
-15 120 53
-16 121 52
-17 121 52
-19 122 51
-20 122 51
-21 123 50
-22 123 50
-23 124 49
-24 124 48
-25 125 48
-26 125 47
-27 126 47
-28 126 46
-29 127 46
-30 127 46
-31 128 45
-32 128 45
-32 128 44
-33 129 44
-34 130 43
-35 130 42
-36 130 42
-37 131 41
-38 132 41
-38 132 40
-39 133 39
-40 133 38
-41 134 38
-41 134 37
-42 135 36
-43 136 36
-43 136 35
-44 137 34
-45 137 33
-46 138 33
-47 139 32
-47 139 31
-48 140 30
-49 141 29
-49 143 27
-50 144 26
-51 145 25
-51 146 24
-52 146 23
-53 147 22
-54 148 21
-54 149 20
-55 150 19
-55 151 18
-56 152 17
-57 154 16
-57 155 15
-58 156 13
-58 157 12
-59 158 11
-60 159 10
-60 160 9
-61 162 8
-62 163 7
-62 164 5
-63 165 4
-63 166 3
-64 168 2
-64 169 0
-64 170 0
-65 171 -1
-65 172 -3
-65 174 -4
-65 175 -5
-65 176 -7
-65 177 -8
-66 178 -9
-66 179 -10
-66 -179 -11
-66 -177 -12
-66 -176 -14
-66 -175 -15
-67 -174 -16
-67 -173 -17
-67 -171 -18
-67 -170 -19
-67 -169 -21
-67 -168 -21
-67 -167 -22
-67 -167 -23
-67 -166 -24
-67 -165 -24
-67 -164 -25
-67 -164 -25
-67 -163 -26
-67 -163 -26
-67 -162 -27
-67 -162 -27
-67 -161 -28
-67 -161 -28
-67 -160 -29
-67 -159 -29
-67 -159 -30
-67 -158 -30
-68 -157 -31
-68 -157 -32
-68 -156 -32
-68 -155 -33
-68 -155 -34
-68 -154 -34
-68 -154 -35
-68 -153 -36
-68 -153 -36
-68 -153 -36
-68 -152 -37
-68 -152 -37
-68 -152 -37
-68 -152 -38
-68 -152 -38
-67 -151 -38
-67 -151 -38
-67 -151 -39
-67 -150 -39
-68 -150 -39
-68 -150 -40
-68 -149 -40
-68 -148 -41
-68 -148 -41
-68 -147 -42
-68 -147 -42
-68 -146 -43
-68 -145 -43
-68 -145 -44
-68 -144 -44
-68 -144 -44
-68 -143 -45
-68 -142 -45
-69 -142 -46
-69 -141 -46
-69 -141 -47
-69 -140 -48
-69 -139 -48
-69 -139 -49
-69 -138 -50
-69 -137 -51
-70 -137 -51
-70 -136 -52
-70 -135 -53
-70 -135 -54
-70 -134 -55
-70 -133 -56
-70 -132 -57
-70 -131 -58
-70 -130 -59
-71 -129 -60
-71 -127 -62
-71 -126 -63
-71 -125 -65
-71 -123 -67
-71 -121 -68
-71 -120 -70
-72 -118 -72
-72 -116 -74
-72 -115 -75
-72 -113 -77
-72 -111 -79
-72 -109 -81
-72 -108 -83
-72 -106 -85
-72 -104 -88
-73 -101 -90
-73 -99 -93
-73 -96 -96
-73 -93 -99
-73 -90 -102
-73 -87 -106
-73 -84 -109
-73 -81 -112
-73 -78 -115
-72 -75 -118
-72 -73 -121
-71 -70 -123
-71 -68 -126
-71 -66 -128
-70 -64 -130
-70 -62 -133
-69 -60 -135
-69 -58 -137
-68 -57 -139
-68 -55 -141
-67 -53 -143
-67 -51 -145
-66 -48 -148
-65 -45 -151
-65 -42 -154
-64 -39 -157
-63 -37 -160
-62 -34 -163
-61 -32 -165
-60 -30 -167
-58 -28 -169
-57 -26 -171
-56 -25 -172
-55 -23 -174
-54 -22 -175
-53 -21 -176
-51 -20 -177
-50 -19 -179
-48 -18 179
-47 -17 178
-45 -15 176
-43 -14 175
-42 -13 174
-40 -12 173
-39 -12 172
-37 -11 171
-36 -10 170
-34 -10 170
-32 -9 169
-31 -9 168
-29 -9 167
-27 -8 167
-26 -8 166
-24 -8 165
-22 -8 165
-21 -8 164
-19 -8 164
-18 -7 163
-16 -7 162
-14 -7 161
-13 -7 161
-11 -7 160
-9 -7 159
-7 -7 158
-6 -7 157
-4 -7 157
-2 -7 156
-1 -7 155
0 -7 154
1 -7 154
3 -8 153
4 -8 152
6 -8 151
7 -8 150
8 -8 149
10 -9 148
11 -9 148
13 -9 147
14 -10 146
15 -11 145
16 -11 145
18 -12 144
19 -12 143
20 -13 142
21 -13 141
22 -14 140
23 -14 139
24 -15 138
24 -15 137
25 -16 136
26 -16 136
27 -17 135
28 -17 134
28 -17 133
29 -18 133
30 -18 132
31 -19 131
32 -19 130
32 -20 129
33 -20 128
34 -21 127
35 -21 126
35 -22 125
36 -22 125
36 -23 124
37 -23 124
37 -23 123
37 -24 123
37 -24 122
38 -25 121
38 -25 121
38 -25 120
39 -26 119
39 -26 119
40 -27 118
40 -27 118
40 -27 118
40 -27 118
40 -27 118
40 -28 117
40 -28 117
40 -28 117
40 -28 117
40 -28 116
40 -28 116
40 -29 116
41 -29 116
41 -29 116
41 -29 115
41 -29 116
41 -29 116
41 -29 116
41 -29 116
41 -29 116
41 -29 116
41 -29 116
41 -29 116
41 -29 116
41 -30 116
41 -30 116
42 -30 116
42 -30 116
42 -30 116
42 -30 115
42 -31 115
42 -31 115
42 -31 115
42 -31 115
42 -31 115
42 -32 115
42 -32 115
42 -32 115
42 -32 115
42 -32 115
43 -33 114
43 -33 114
43 -33 114
43 -33 114
43 -33 114
43 -33 114
43 -33 114
43 -33 114
43 -33 114
43 -33 114
43 -33 114
43 -34 114
43 -34 114
43 -34 114
43 -34 114
43 -34 114
43 -34 114
44 -34 114
44 -34 114
44 -34 114
44 -35 114
44 -35 114
44 -35 113
44 -35 113
44 -35 113
44 -35 113
44 -35 113
45 -36 113
45 -36 113
45 -36 113
45 -36 113
45 -36 113
45 -36 113
46 -37 112
46 -37 112
46 -37 112
46 -37 112
46 -37 113
46 -37 113
46 -37 113
46 -37 113
46 -37 113
46 -37 113
46 -38 113
46 -38 112
46 -38 112
45 -38 112
45 -38 112
45 -38 112
45 -39 112
45 -39 112
45 -39 112
44 -39 112
44 -39 113
44 -39 113
44 -39 113
44 -39 113
44 -39 113
44 -39 113
44 -39 113
44 -38 113
43 -38 114
43 -38 114
43 -38 114
42 -37 115
42 -37 116
41 -36 117
40 -36 118
40 -35 119
39 -34 121
38 -33 122
37 -33 124
36 -32 125
35 -31 127
34 -30 129
32 -29 131
31 -28 132
29 -27 134
27 -27 136
26 -26 137
24 -26 139
22 -25 140
20 -25 142
19 -24 143
17 -24 145
15 -24 147
13 -23 148
10 -23 150
8 -23 152
6 -23 154
3 -23 156
0 -23 158
-2 -23 160
-4 -23 163
-7 -24 165
-10 -24 167
-13 -25 169
-16 -25 171
-18 -26 173
-20 -27 175
-23 -28 177
-24 -29 179
-26 -29 -179
-28 -30 -178
-29 -31 -177
-30 -31 -176
-31 -32 -175
-32 -32 -175
-33 -32 -174
-33 -33 -173
-34 -33 -173
-34 -33 -172
-35 -34 -172
-35 -34 -171
-35 -34 -171
-36 -34 -171
-36 -34 -171
-36 -34 -171
-36 -33 -172
-36 -33 -172
-36 -32 -173
-36 -32 -173
-35 -31 -174
-35 -31 -174
-35 -31 -175
-35 -30 -175
-35 -30 -175
-35 -30 -176
-35 -30 -176
-35 -29 -176
-35 -29 -177
-34 -29 -177
-34 -28 -178
-34 -28 -179
-33 -27 -179
-33 -27 179
-32 -27 179
-32 -27 178
-31 -26 178
-30 -26 177
-29 -25 176
-28 -25 175
-27 -24 174
-26 -24 173
-25 -24 172
-24 -23 171
-22 -23 170
-21 -23 169
-19 -23 168
-17 -22 166
-15 -22 165
-14 -22 164
-12 -22 163
-10 -21 161
-8 -21 160
-6 -21 159
-4 -21 157
-3 -21 156
-1 -21 155
0 -21 153
2 -21 152
4 -21 151
6 -21 150
8 -21 149
10 -21 148
12 -21 147
14 -21 146
16 -21 144
18 -22 143
20 -22 143
22 -22 142
24 -23 140
26 -24 139
27 -24 138
29 -25 137
30 -26 136
32 -26 135
33 -27 133
35 -28 132
36 -29 130
38 -30 129
40 -31 127
41 -32 125
43 -34 123
44 -35 122
46 -37 120
47 -38 118
48 -39 117
49 -41 115
50 -41 115
51 -42 114
51 -42 114
52 -43 113
52 -43 113
53 -44 112
53 -44 112
53 -45 111
53 -45 111
53 -46 110
53 -46 110
53 -47 110
54 -47 109
54 -47 109
54 -48 108
54 -48 108
54 -48 108
54 -49 107
55 -49 107
55 -49 106
55 -49 106
55 -49 106
55 -49 107
55 -48 107
55 -48 107
55 -47 108
55 -47 108
56 -46 109
56 -46 109
56 -46 109
56 -45 109
56 -45 109
56 -45 109
56 -44 109
56 -44 110
56 -44 110
56 -44 110
56 -44 110
56 -43 110
56 -43 110
56 -43 110
56 -43 110
56 -43 110
55 -43 110
55 -43 110
55 -43 110
55 -43 111
55 -42 111
55 -42 112
54 -41 112
54 -41 113
54 -40 113
53 -40 114
53 -39 116
52 -38 117
51 -37 119
50 -35 120
49 -34 122
48 -33 124
46 -31 126
45 -30 129
44 -29 131
42 -28 133
40 -27 134
38 -26 136
36 -25 138
35 -25 139
33 -24 141
31 -23 143
28 -23 144
26 -22 146
24 -22 148
22 -21 149
20 -21 151
17 -21 153
15 -21 154
12 -20 156
10 -21 157
7 -21 159
5 -21 161
2 -21 163
0 -22 164
-2 -22 166
-5 -23 168
-7 -23 170
-10 -24 172
-12 -25 174
-15 -25 176
-17 -26 178
-19 -27 -179
-22 -28 -177
-24 -29 -176
-26 -30 -174
-27 -31 -172
-29 -32 -170
-30 -33 -169
-31 -34 -168
-32 -35 -167
-33 -35 -166
-34 -35 -165
-34 -35 -164
-35 -35 -164
-35 -35 -164
-36 -35 -164
-36 -35 -164
-37 -35 -164
-37 -35 -164
-37 -35 -165
-37 -34 -165
-37 -34 -165
-37 -34 -166
-36 -33 -166
-36 -33 -167
-36 -33 -167
-36 -33 -167
-36 -33 -167
-35 -32 -167
-35 -32 -168
-35 -32 -168
-34 -31 -168
-34 -31 -169
-33 -30 -170
-33 -30 -171
-32 -29 -172
-31 -28 -173
-30 -28 -174
-28 -27 -175
-27 -27 -177
-26 -26 -178
-24 -25 -179
-23 -25 179
-21 -24 178
-20 -24 176
-18 -23 175
-17 -23 174
-15 -23 173
-13 -22 171
-11 -22 170
-9 -22 168
-8 -22 167
-6 -21 165
-4 -21 164
-2 -21 163
0 -21 161
1 -21 160
2 -21 159
4 -21 157
6 -21 156
8 -21 155
9 -21 154
11 -22 153
13 -22 151
14 -22 150
16 -22 149
18 -23 147
19 -23 146
21 -23 144
23 -24 143
25 -24 141
26 -24 140
28 -25 138
29 -25 137
31 -26 135
32 -26 134
34 -27 132
35 -28 131
36 -28 130
37 -29 128
38 -29 127
39 -30 126
40 -30 125
41 -31 124
42 -31 124
43 -32 123
44 -32 122
44 -32 122
45 -32 122
46 -32 122
46 -32 122
47 -32 122
47 -32 122
48 -32 122
48 -31 123
49 -31 123
49 -31 123
50 -31 123
50 -31 123
50 -31 123
51 -31 122
51 -31 123
51 -30 123
51 -30 123
51 -30 123
51 -30 123
51 -30 123
51 -30 123
51 -30 123
51 -30 123
51 -30 123
51 -30 123
51 -30 123
51 -30 123
50 -30 123
50 -30 123
50 -29 124
50 -29 124
49 -29 125
49 -28 126
48 -28 127
47 -27 127
46 -27 129
45 -26 130
44 -25 131
43 -25 133
42 -24 134
40 -23 136
39 -23 137
37 -22 139
36 -21 141
34 -21 142
32 -20 144
30 -20 146
28 -20 147
26 -19 149
24 -19 150
22 -19 152
20 -19 153
18 -19 154
16 -19 156
15 -19 157
13 -19 158
11 -19 160
9 -20 161
7 -20 163
5 -20 164
3 -20 166
1 -21 167
0 -21 169
-2 -22 171
-4 -23 172
-7 -23 174
-9 -24 176
-11 -25 178
-13 -26 -179
-15 -27 -177
-17 -27 -175
-19 -28 -174
-20 -29 -172
-22 -30 -171
-23 -30 -170
-24 -31 -169
-25 -31 -168
-26 -32 -167
-27 -32 -166
-28 -32 -166
-28 -32 -166
-29 -32 -166
-30 -32 -166
-30 -32 -166
-31 -32 -166
-31 -32 -166
-32 -32 -166
-32 -31 -166
-32 -31 -166
-33 -31 -166
-33 -31 -167
-33 -31 -167
-33 -30 -167
-33 -30 -168
-33 -30 -168
-33 -30 -169
-33 -29 -169
-32 -29 -169
-32 -29 -170
-32 -28 -170
-32 -28 -170
-32 -28 -171
-32 -27 -171
-32 -27 -171
-32 -27 -172
-32 -26 -172
-32 -26 -172
-32 -26 -173
-32 -25 -173
-31 -25 -173
-31 -24 -174
-31 -24 -174
-30 -24 -175
-30 -23 -176
-29 -23 -176
-28 -22 -177
-27 -22 -178
-26 -21 -179
-24 -21 179
-23 -20 178
-21 -20 177
-20 -19 176
-18 -19 174
-16 -18 173
-14 -18 172
-12 -17 170
-10 -17 169
-8 -17 168
-6 -17 166
-4 -17 165
-2 -17 163
0 -17 162
2 -17 160
4 -17 159
6 -17 158
8 -17 156
10 -18 155
12 -18 153
14 -18 152
16 -18 150
18 -19 149
20 -19 147
22 -20 146
24 -20 144
26 -21 143
28 -21 141
29 -22 140
31 -23 138
33 -23 136
35 -24 135
36 -25 133
38 -25 131
40 -26 130
41 -27 128
43 -28 126
44 -30 124
46 -31 122
47 -33 120
49 -34 118
50 -36 116
51 -37 114
52 -38 113
53 -39 111
54 -40 110
55 -41 109
56 -42 107
57 -43 106
58 -44 104
59 -45 103
59 -47 101
60 -48 99
60 -50 98
60 -51 96
61 -52 95
61 -52 95
62 -53 94
62 -53 94
62 -53 95
62 -52 95
63 -52 96
63 -51 97
63 -51 98
63 -50 98
63 -50 99
63 -50 99
63 -49 99
63 -49 100
63 -49 100
63 -49 101
63 -48 101
63 -48 102
63 -47 102
63 -47 102
62 -47 103
62 -46 103
62 -46 104
62 -45 105
61 -45 105
61 -44 106
61 -43 107
60 -42 108
60 -41 110
59 -39 111
59 -38 113
58 -36 116
57 -34 118
55 -33 120
54 -31 123
52 -29 125
51 -28 127
49 -26 130
47 -25 132
46 -24 134
44 -23 135
42 -22 137
40 -21 139
38 -20 140
37 -20 142
35 -19 143
33 -19 144
31 -18 145
30 -18 147
28 -17 148
26 -17 149
24 -17 151
22 -16 152
20 -16 153
18 -16 155
16 -16 156
14 -16 157
11 -16 159
9 -16 160
7 -16 162
4 -16 163
2 -16 165
0 -16 166
-1 -16 168
-4 -16 169
-6 -17 171
-8 -17 172
-10 -17 174
-12 -18 175
-14 -18 177
-16 -19 178
-18 -19 179
-20 -20 -178
-22 -21 -177
-23 -22 -175
-25 -23 -174
-27 -24 -172
-29 -25 -171
-30 -26 -169
-32 -27 -168
-33 -28 -166
-35 -29 -165
-36 -30 -163
-37 -31 -162
-37 -32 -161
-38 -32 -160
-39 -32 -160
-39 -33 -160
-39 -33 -160
-40 -33 -160
-40 -33 -160
-40 -32 -160
-39 -32 -161
-39 -31 -161
-39 -31 -162
-39 -30 -163
-38 -29 -164
-37 -29 -164
-37 -28 -165
-36 -27 -167
-35 -26 -168
-35 -25 -169
-34 -25 -170
-33 -24 -171
-32 -23 -172
-31 -22 -174
-29 -21 -175
-28 -20 -176
-27 -20 -177
-26 -19 -179
-25 -18 179
-23 -18 178
-22 -17 177
-21 -17 176
-19 -16 175
-18 -16 173
-16 -15 172
-15 -15 171
-13 -14 170
-11 -14 169
-10 -14 168
-8 -13 166
-6 -13 165
-4 -13 164
-3 -12 163
-1 -12 162
0 -12 161
1 -12 160
2 -12 159
4 -12 158
5 -11 157
7 -11 156
8 -11 155
10 -11 154
11 -11 153
13 -11 152
14 -12 151
16 -12 150
18 -12 149
19 -12 147
21 -12 146
23 -13 145
25 -13 143
27 -13 142
29 -14 140
31 -14 139
33 -15 137
34 -15 136
36 -16 135
38 -16 134
40 -16 133
41 -17 132
42 -17 131
44 -18 130
45 -19 129
47 -20 127
48 -21 126
49 -23 124
51 -24 122
52 -26 120
53 -27 119
54 -28 117
55 -29 116
56 -30 115
57 -30 114
57 -30 114
58 -31 113
58 -31 113
58 -31 113
58 -32 112
58 -32 112
58 -32 112
58 -32 112
58 -33 112
58 -33 111
58 -33 111
58 -33 111
58 -33 111
58 -33 111
58 -33 111
58 -33 111
58 -33 111
58 -33 112
58 -33 112
58 -32 112
58 -32 112
58 -32 113
58 -31 113
58 -31 114
58 -30 114
57 -30 115
57 -29 116
57 -28 117
56 -27 118
55 -26 119
55 -25 121
54 -24 122
53 -23 124
52 -21 126
51 -20 128
50 -19 129
48 -18 131
47 -17 133
46 -16 134
44 -15 136
42 -14 138
40 -13 140
38 -12 141
36 -11 143
34 -10 145
32 -10 146
29 -9 148
27 -9 149
25 -9 151
22 -8 152
20 -8 154
17 -8 155
14 -8 156
12 -8 158
9 -8 160
6 -8 161
3 -9 163
0 -9 164
-2 -9 166
-6 -10 168
-9 -10 169
-12 -11 171
-16 -12 173
-19 -13 174
-22 -14 176
-25 -15 177
-27 -16 179
-30 -17 -179
-31 -18 -177
-33 -19 -176
-34 -20 -175
-35 -21 -174
-36 -22 -174
-37 -23 -173
-38 -23 -173
-38 -24 -173
-38 -24 -173
-39 -25 -173
-39 -25 -172
-38 -25 -172
-38 -26 -173
-38 -26 -173
-37 -26 -173
-37 -25 -174
-37 -25 -175
-36 -24 -176
-35 -24 -176
-35 -23 -177
-34 -23 -178
-33 -23 -179
-33 -22 -179
-32 -22 179
-31 -22 178
-30 -21 177
-29 -21 177
-29 -21 176
-27 -20 175
-26 -20 174
-25 -19 173
-23 -18 171
-21 -17 170
-19 -17 169
-17 -16 167
-15 -16 166
-13 -15 164
-11 -15 163
-8 -15 161
-6 -14 160
-4 -14 158
-1 -14 157
0 -14 156
2 -14 154
4 -14 153
6 -14 151
8 -14 150
10 -14 149
12 -15 148
14 -15 146
16 -15 145
17 -16 144
19 -16 143
21 -16 141
23 -16 140
25 -17 139
27 -17 137
29 -17 136
31 -17 135
33 -17 134
35 -17 132
36 -17 131
38 -18 130
39 -18 129
40 -18 128
41 -19 127
42 -19 127
42 -19 126
43 -20 126
44 -20 126
44 -20 126
45 -20 126
45 -20 126
45 -19 126
46 -19 127
46 -19 127
47 -18 128
47 -18 128
48 -17 129
49 -16 130
49 -15 131
50 -14 132
51 -13 134
51 -11 135
52 -10 136
53 -9 138
53 -8 139
54 -7 139
54 -6 140
55 -5 141
55 -3 143
56 -1 144
56 0 147
57 2 149
57 4 151
57 6 153
57 8 155
57 10 157
57 11 159
58 13 160
58 14 161
58 16 162
59 17 164
59 19 166
59 21 168
59 24 170
58 26 173
58 29 176
57 31 179
56 34 -178
56 36 -176
56 38 -174
55 39 -172
55 41 -171
54 43 -169
54 44 -167
54 45 -166
53 47 -164
52 48 -163
51 50 -162
50 51 -160
49 52 -159
48 54 -157
48 55 -156
47 57 -154
46 58 -153
45 60 -152
44 61 -150
43 62 -149
42 63 -148
41 64 -147
40 65 -146
38 66 -145
37 67 -144
36 68 -143
34 69 -142
33 71 -141
32 72 -140
30 73 -139
29 74 -138
28 75 -138
27 76 -137
26 77 -136
25 79 -135
24 80 -134
23 81 -133
22 82 -132
21 83 -131
20 83 -130
19 84 -130
18 85 -129
16 85 -129
15 85 -129
14 85 -128
13 85 -128
12 86 -128
11 86 -128
10 86 -128
9 86 -127
8 87 -127
7 87 -126
6 87 -126
5 87 -125
4 87 -125
3 88 -124
2 88 -124
1 88 -124
0 88 -123
0 88 -123
-1 88 -123
-1 88 -122
-2 88 -122
-3 89 -122
-4 89 -121
-5 89 -121
-6 89 -121
-7 89 -121
-7 89 -120
-8 90 -120
-9 90 -120
-10 90 -120
-11 90 -120
-12 91 -119
-13 91 -119
-14 91 -118
-15 91 -118
-16 91 -117
-17 91 -117
-18 91 -117
-20 92 -116
-21 92 -116
-22 92 -115
-23 92 -115
-24 92 -114
-25 92 -114
-26 92 -113
-27 92 -112
-28 92 -112
-29 92 -111
-30 92 -110
-31 92 -110
-32 92 -109
-33 92 -109
-35 92 -108
-36 92 -107
-37 92 -107
-38 92 -106
-39 92 -106
-40 92 -105
-41 92 -104
-42 91 -103
-43 91 -103
-44 91 -102
-45 91 -102
-46 91 -101
-47 90 -100
-48 90 -100
-49 90 -99
-49 90 -99
-50 90 -98
-51 89 -98
-51 89 -97
-52 89 -96
-53 88 -95
-53 88 -95
-54 87 -94
-55 87 -93
-55 86 -92
-56 86 -92
-57 85 -91
-58 85 -90
-59 85 -90
-59 84 -89
-60 84 -88
-61 83 -87
-61 82 -86
-62 82 -86
-62 81 -85
-63 81 -84
-63 80 -83
-63 80 -83
-63 79 -82
-63 79 -81
-64 79 -81
-64 78 -80
-64 78 -80
-64 78 -79
-64 78 -79
-64 77 -78
-64 76 -77
-64 76 -77
-64 75 -76
-64 74 -75
-64 74 -74
-64 73 -73
-64 72 -72
-64 72 -71
-64 71 -71
-64 71 -70
-65 71 -69
-65 70 -69
-65 70 -68
-65 69 -67
-65 68 -67
-65 68 -66
-65 67 -65
-65 67 -65
-65 67 -64
-65 66 -64
-65 66 -64
-65 66 -63
-65 66 -63
-65 66 -63
-65 65 -62
-64 65 -62
-64 65 -61
-64 64 -61
-64 64 -61
-64 64 -60
-64 64 -60
-64 64 -60
-65 64 -60
-65 64 -60
-65 64 -60
-65 64 -60
-65 64 -60
-65 64 -59
-65 64 -59
-65 63 -59
-65 63 -58
-65 63 -58
-65 62 -57
-65 62 -57
-65 62 -56
-65 61 -55
-65 61 -54
-65 60 -53
-65 59 -52
-65 58 -51
-64 58 -51
-64 57 -50
-63 57 -49
-62 56 -49
-62 55 -48
-61 54 -47
-60 54 -46
-60 53 -45
-59 52 -44
-58 51 -43
-58 50 -43
-57 49 -42
-56 48 -41
-56 47 -40
-55 46 -39
-55 46 -39
-54 45 -38
-54 44 -37
-53 43 -36
-52 42 -35
-50 42 -35
-49 41 -34
-48 40 -33
-47 40 -32
-46 39 -32
-44 39 -31
-43 38 -31
-42 38 -30
-41 38 -30
-40 37 -29
-39 37 -28
-37 37 -28
-36 36 -27
-34 36 -26
-32 36 -26
-30 36 -25
-28 36 -24
-27 36 -24
-26 35 -23
-24 35 -23
-23 35 -22
-22 35 -21
-21 35 -21
-20 34 -20
-19 34 -20
-17 34 -19
-16 34 -18
-15 34 -18
-14 34 -17
-13 34 -17
-12 34 -16
-11 34 -16
-9 34 -15
-8 34 -15
-7 34 -14
-5 34 -14
-4 34 -13
-2 34 -12
-1 34 -12
0 34 -11
1 34 -11
2 34 -10
3 34 -10
5 34 -9
6 34 -8
7 34 -8
8 34 -7
9 34 -7
11 34 -6
12 34 -6
13 34 -6
14 34 -6
16 35 -5
17 35 -5
18 35 -5
20 35 -4
21 35 -4
22 35 -3
23 35 -3
25 36 -2
26 36 -2
28 36 -1
29 36 -1
31 37 0
33 37 0
34 38 0
36 38 0
38 39 1
39 39 2
40 40 3
41 40 4
43 41 5
44 41 6
45 42 6
46 42 7
47 42 7
48 43 8
49 43 8
50 44 9
51 44 10
52 44 10
53 44 10
53 45 11
54 45 11
55 45 11
56 45 12
57 45 12
58 45 12
59 45 13
59 45 13
60 46 14
61 46 14
62 47 15
63 47 16
64 48 17
65 49 18
65 50 19
66 51 20
67 52 22
68 54 23
69 55 25
70 57 27
70 59 29
71 62 31
72 64 34
73 67 37
73 71 40
74 74 44
75 77 48
75 81 51
75 84 55
76 88 58
76 91 61
76 94 64
76 96 67
77 99 71
77 102 74
77 105 77
77 108 80
77 111 83
76 113 85
76 115 87
76 116 88
76 117 89
76 118 90
76 118 91
76 119 92
76 120 93
75 121 94
75 122 95
75 124 97
75 126 99
75 127 101
74 129 102
74 130 104
73 131 104
73 132 105
73 132 105
73 132 106
73 132 106
72 132 106
72 133 106
72 133 107
72 134 108
72 135 109
71 135 109
71 135 109
71 135 109
71 134 108
71 132 106
71 129 103
71 125 99
72 120 93
72 114 87
72 106 79
71 98 71
70 91 63
69 84 56
68 77 50
66 72 44
64 67 39
62 63 35
60 60 31
58 57 28
56 55 25
55 53 23
53 51 21
51 49 19
50 47 17
48 46 15
47 45 14
45 43 12
43 42 11
41 41 9
40 40 8
38 39 7
36 38 5
34 38 4
32 37 4
30 36 3
28 36 2
26 35 1
24 35 0
22 34 0
20 34 0
18 33 -1
16 33 -2
14 32 -2
12 32 -3
10 32 -4
8 32 -4
6 31 -5
4 31 -5
2 31 -6
1 31 -6
0 31 -7
-2 30 -8
-4 30 -8
-5 30 -9
-7 30 -9
-9 30 -10
-11 29 -10
-12 29 -11
-14 29 -11
-15 29 -12
-16 29 -12
-17 29 -12
-18 29 -13
-19 28 -13
-20 28 -13
-21 28 -13
-21 28 -14
-22 28 -14
-22 28 -14
-22 28 -14
-23 27 -14
-23 27 -14
-23 27 -15
-23 27 -15
-24 27 -15
-24 27 -15
-24 27 -15
-23 27 -15
-23 27 -15
-23 27 -15
-22 27 -15
-22 27 -15
-21 27 -16
-21 27 -16
-20 27 -16
-20 27 -16
-19 27 -16
-18 27 -16
-17 28 -16
-16 28 -16
-15 28 -16
-13 28 -17
-12 28 -17
-10 28 -16
-8 28 -16
-7 29 -16
-5 29 -16
-4 29 -15
-2 29 -15
-1 29 -15
0 29 -14
2 29 -14
3 29 -14
5 29 -13
7 29 -13
9 29 -12
11 30 -12
12 30 -11
14 30 -11
16 30 -10
18 31 -10
19 31 -9
21 32 -8
23 32 -8
24 32 -7
26 33 -7
28 33 -6
29 34 -6
31 34 -5
33 35 -4
35 35 -3
36 36 -2
38 37 -2
40 37 0
42 38 0
44 39 1
46 40 2
49 41 4
51 43 5
53 45 7
55 47 10
58 49 12
60 52 15
62 55 19
63 58 22
65 62 26
67 66 31
68 71 36
70 77 42
71 83 49
71 89 56
72 96 63
72 103 70
72 109 77
71 115 83
71 120 88
70 125 93
70 128 97
69 131 99
69 132 101
68 134 103
68 135 104
67 135 104
67 136 105
66 136 105
66 136 106
65 137 106
65 137 106
65 137 106
64 137 106
64 137 106
64 137 105
64 136 104
64 136 104
64 135 103
64 135 102
63 134 101
63 134 100
63 133 100
63 133 99
64 132 98
64 132 98
64 132 98
64 131 97
64 131 96
64 130 95
64 129 94
64 128 93
64 126 91
64 124 89
65 122 87
65 120 85
65 118 82
65 116 80
66 113 78
66 111 75
66 108 72
66 106 70
66 103 67
66 100 64
66 97 61
66 94 57
66 91 54
65 87 50
65 83 46
64 80 42
63 76 38
62 72 34
61 69 31
59 66 27
58 63 24
56 60 21
54 57 18
52 55 15
50 53 13
48 51 11
45 49 9
43 47 7
40 46 5
38 44 4
35 43 2
32 42 1
30 41 0
27 40 0
24 39 -1
21 38 -2
19 37 -3
16 36 -4
13 35 -5
10 35 -6
8 34 -6
5 33 -7
3 33 -8
1 32 -8
0 32 -9
-2 32 -10
-4 31 -10
-6 31 -11
-8 31 -12
-10 30 -12
-12 30 -13
-13 30 -13
-15 30 -13
-16 30 -14
-18 30 -14
-19 30 -15
-20 30 -16
-21 30 -16
-23 30 -17
-24 30 -18
-25 30 -18
-26 30 -19
-27 30 -19
-28 29 -19
-29 29 -19
-29 29 -20
-30 29 -20
-30 28 -20
-31 28 -20
-31 28 -20
-30 28 -20
-30 29 -20
-29 29 -21
-29 29 -21
-28 29 -21
-27 29 -20
-26 29 -20
-25 29 -20
-25 29 -20
-24 29 -20
-23 29 -19
-22 30 -19
-21 30 -19
-20 30 -19
-19 30 -19
-18 30 -18
-17 30 -18
-15 31 -18
-14 31 -17
-12 31 -17
-11 31 -17
-9 31 -16
-7 32 -16
-6 32 -15
-4 32 -15
-2 32 -14
0 32 -14
1 33 -13
3 33 -12
5 33 -12
7 33 -11
9 34 -11
12 34 -10
14 34 -9
17 35 -8
19 35 -8
22 36 -7
24 36 -6
27 37 -5
29 37 -4
32 38 -3
34 38 -2
37 39 -1
39 40 0
41 41 1
44 42 2
46 43 4
49 45 5
51 47 7
54 49 10
57 51 12
59 54 16
62 58 19
64 62 24
66 68 30
68 74 37
70 81 45
71 90 54
71 98 63
71 107 72
71 115 80
70 121 87
69 127 93
68 131 98
67 134 101
66 136 103
65 138 105
64 139 106
63 140 108
63 141 109
62 142 109
62 143 110
62 143 111
62 144 112
62 144 112
61 144 112
61 144 113
61 144 113
61 144 112
61 144 112
62 144 111
62 143 111
62 142 110
62 142 109
63 141 108
63 140 107
63 139 106
64 137 104
65 135 102
65 133 99
66 129 96
67 125 92
67 121 87
68 115 81
68 109 75
68 103 68
68 97 62
67 91 55
67 85 49
66 79 43
65 75 38
63 71 34
62 67 30
61 64 26
59 61 23
58 59 21
57 56 18
55 54 16
54 52 14
52 51 12
50 49 10
49 48 8
47 46 6
45 45 5
43 44 3
41 43 2
39 42 1
36 41 0
34 40 -1
31 39 -2
29 38 -3
26 37 -4
24 36 -5
21 35 -6
19 35 -7
16 34 -8
14 34 -8
12 33 -9
9 33 -10
7 32 -10
5 32 -11
3 32 -11
1 32 -12
0 32 -13
-2 32 -13
-4 32 -14
-6 32 -15
-7 32 -16
-9 32 -16
-11 32 -17
-13 31 -17
-15 31 -18
-16 31 -18
-17 31 -19
-19 31 -19
-20 31 -20
-20 31 -20
-21 31 -21
-21 31 -21
-22 31 -22
-22 31 -22
-21 31 -22
-21 32 -22
-20 32 -22
-19 32 -22
-18 32 -22
-16 32 -21
-15 33 -21
-13 33 -21
-11 33 -20
-9 34 -20
-7 34 -19
-4 34 -19
-2 35 -18
0 35 -17
2 36 -17
4 36 -16
7 37 -15
10 37 -14
12 38 -13
14 38 -12
17 38 -11
19 39 -10
21 39 -9
23 40 -9
25 40 -8
27 41 -7
29 41 -6
31 42 -5
33 42 -4
34 43 -2
36 44 -1
38 44 0
39 45 0
41 46 1
43 47 2
44 48 3
46 49 4
47 49 5
49 50 6
50 51 7
51 53 8
53 54 10
54 55 11
55 56 13
56 58 15
57 59 16
59 61 18
60 63 20
61 65 22
62 67 24
63 69 27
64 72 29
65 75 33
66 78 36
67 82 40
67 86 43
68 90 47
68 94 52
69 98 56
69 102 60
69 106 64
69 110 68
69 113 71
69 116 74
68 119 78
68 122 81
67 125 84
67 128 86
67 131 89
66 133 91
66 135 94
65 137 96
65 139 97
64 140 99
64 141 100
63 142 101
63 143 102
63 143 102
62 143 102
62 143 102
62 143 102
62 143 102
63 142 102
63 142 101
63 142 101
63 142 101
63 142 101
63 142 101
63 142 101
63 142 101
63 141 101
63 141 100
64 140 99
64 139 99
64 138 98
65 137 96
65 136 95
65 134 93
66 132 91
66 130 89
67 127 86
67 123 82
68 119 77
68 114 72
68 108 65
68 101 58
68 94 51
67 86 43
66 80 36
64 73 30
62 68 24
60 64 19
57 60 15
55 57 11
52 54 8
50 52 5
47 50 3
44 48 0
41 46 -1
39 44 -3
36 43 -5
33 41 -6
30 40 -8
27 40 -9
24 39 -10
21 38 -11
18 38 -12
16 37 -13
13 37 -14
10 36 -14
8 36 -15
5 35 -16
3 35 -17
1 35 -17
-1 35 -18
-3 35 -19
-5 35 -19
-7 35 -20
-9 36 -21
-10 36 -21
-12 36 -22
-14 36 -22
-16 36 -23
-17 36 -23
-19 36 -24
-20 35 -24
-21 35 -24
-22 35 -24
-22 35 -25
-23 35 -25
-23 35 -25
-24 36 -25
-24 36 -25
-24 36 -25
-24 36 -25
-25 36 -26
-24 36 -26
-24 36 -26
-24 35 -26
-24 35 -26
-23 35 -26
-23 35 -26
-22 35 -26
-22 35 -26
-21 35 -26
-20 35 -25
-19 35 -25
-18 35 -25
-17 35 -25
-16 35 -24
-15 34 -24
-14 34 -24
-12 34 -24
-11 33 -24
-10 33 -23
-8 33 -23
-6 33 -23
-5 32 -22
-3 32 -22
-1 32 -21
0 32 -21
2 32 -21
4 32 -20
6 32 -20
8 31 -20
10 31 -19
12 31 -19
14 31 -19
16 31 -18
18 31 -18
20 31 -17
22 31 -17
24 31 -17
26 31 -16
28 31 -16
30 31 -16
32 31 -15
35 32 -15
37 32 -14
40 32 -14
43 33 -13
45 33 -12
48 34 -11
51 35 -10
54 36 -9
58 38 -7
61 40 -5
64 42 -3
67 45 0
70 48 3
73 53 8
76 59 14
78 67 22
79 77 33
80 89 46
80 102 59
80 114 71
80 124 80
79 131 87
78 135 92
77 139 96
76 142 99
76 144 101
75 147 104
75 149 106
75 151 108
74 152 110
74 154 111
74 155 113
74 157 114
73 158 116
73 159 116
73 160 117
72 160 117
72 160 117
72 160 117
72 160 117
72 160 116
72 160 116
72 159 116
72 159 115
72 159 115
72 158 114
72 158 113
72 157 112
73 156 111
73 154 110
73 153 108
74 151 106
74 149 104
75 147 101
75 144 99
75 141 96
76 137 92
76 134 89
77 131 86
77 128 83
77 126 81
77 125 79
77 124 78
77 122 76
77 121 75
77 119 72
78 116 69
78 111 65
78 106 59
78 99 53
77 93 46
77 86 40
77 81 35
76 76 30
76 73 27
76 71 25
75 70 24
75 70 24
75 70 24
75 71 25
75 71 26
75 72 27
75 74 28
75 75 29
75 75 30
74 76 31
74 77 32
74 78 33
73 79 34
72 80 35
71 81 36
70 82 37
69 84 38
69 85 39
68 87 41
67 88 42
66 90 43
65 91 44
64 92 45
63 94 47
62 95 48
61 96 49
60 97 50
58 97 50
57 98 51
56 98 51
54 99 51
53 99 51
52 100 52
51 100 52
50 101 52
49 101 53
48 101 53
47 102 54
46 102 54
45 102 54
43 103 54
42 103 54
41 104 54
40 104 55
39 105 55
38 105 56
37 106 56
36 106 56
35 106 56
34 107 56
32 107 56
31 108 56
30 108 56
28 109 56
27 109 56
25 110 56
24 110 57
23 110 57
22 110 57
21 111 56
20 111 56
19 111 55
18 111 55
17 112 55
16 112 55
14 112 55
13 113 55
11 113 55
10 114 55
9 115 55
8 115 55
6 116 55
5 116 55
4 117 55
3 117 54
2 118 54
1 118 54
0 118 54
-1 119 54
-2 119 54
-3 119 53
-4 119 53
-4 120 52
-5 120 52
-6 120 52
-7 121 51
-8 121 51
-9 121 50
-10 122 50
-11 122 50
-12 122 49
-14 123 49
-15 123 48
-16 124 48
-17 124 47
-18 125 47
-19 125 46
-19 125 46
-20 126 45
-21 126 44
-22 126 44
-23 127 43
-24 127 42
-24 128 42
-25 128 41
-26 128 40
-27 129 39
-28 129 39
-28 130 38
-29 130 37
-30 131 37
-31 131 36
-32 132 35
-33 132 34
-33 133 34
-34 133 33
-35 134 32
-36 134 32
-37 135 31
-37 135 31
-38 136 30
-39 136 29
-39 137 28
-40 138 28
-41 138 27
-41 139 26
-42 139 25
-43 140 25
-43 141 24
-44 141 23
-45 142 23
-45 142 22
-46 143 21
-46 143 21
-47 144 20
-47 144 19
-48 145 19
-49 145 18
-49 146 17
-49 146 17
-50 147 16
-50 147 15
-51 148 15
-51 148 14
-51 149 13
-51 149 12
-52 150 12
-52 150 11
-52 151 10
-53 151 10
-53 152 9
-54 152 8
-54 153 8
-55 153 7
-55 154 6
-56 155 5
-56 156 5
-57 157 4
-57 158 3
-58 158 2
-58 159 2
-58 160 1
-59 160 0
-59 161 0
-60 161 0
-60 162 0
-60 163 -1
-61 163 -2
-61 164 -2
-61 165 -3
-62 166 -4
-62 166 -4
-62 167 -5
-63 168 -6
-63 169 -7
-64 170 -8
-64 171 -9
-65 172 -10
-65 173 -11
-65 174 -12
-66 175 -13
-66 176 -14
-66 177 -15
-67 178 -16
-67 179 -17
-67 -179 -18
-68 -178 -19
-68 -177 -20
-69 -176 -21
-69 -176 -22
-69 -175 -23
-70 -174 -24
-70 -173 -24
-70 -172 -25
-71 -171 -26
-71 -170 -27
-71 -169 -29
-71 -167 -30
-72 -166 -31
-72 -164 -33
-72 -163 -35
-73 -161 -36
-73 -159 -38
-73 -157 -41
-73 -154 -43
-74 -152 -45
-74 -150 -47
-74 -148 -49
-74 -146 -51
-74 -144 -53
-74 -142 -55
-74 -139 -57
-74 -137 -60
-74 -135 -62
-74 -133 -64
-74 -131 -66
-74 -129 -68
-74 -127 -70
-74 -125 -72
-74 -123 -74
-74 -121 -76
-74 -119 -78
-74 -117 -80
-73 -116 -82
-73 -114 -83
-73 -113 -85
-72 -112 -86
-72 -111 -87
-72 -110 -88
-72 -110 -89
-72 -109 -90
-72 -108 -91
-72 -106 -92
-71 -105 -94
-71 -104 -95
-71 -102 -97
-71 -101 -98
-71 -100 -99
-71 -98 -100
-71 -97 -102
-71 -96 -103
-71 -94 -104
-71 -93 -105
-71 -92 -106
-70 -91 -107
-70 -89 -109
-70 -88 -110
-70 -87 -111
-70 -85 -113
-70 -83 -114
-70 -82 -116
-70 -80 -117
-70 -79 -118
-69 -78 -119
-69 -77 -120
-69 -76 -121
-69 -75 -122
-68 -74 -124
-68 -73 -125
-68 -72 -126
-67 -70 -127
-67 -69 -129
-67 -68 -130
-66 -67 -131
-66 -66 -133
-66 -64 -134
-65 -63 -135
-65 -62 -137
-65 -61 -138
-64 -59 -140
-64 -57 -142
-63 -56 -143
-63 -54 -145
-62 -53 -147
-62 -51 -149
-61 -49 -151
-60 -48 -152
-60 -47 -154
-59 -45 -155
-58 -44 -157
-58 -42 -159
-57 -41 -160
-56 -39 -162
-55 -38 -164
-54 -37 -165
-54 -36 -167
-53 -35 -168
-52 -33 -170
-51 -32 -171
-50 -31 -173
-49 -29 -174
-48 -28 -176
-47 -27 -177
-45 -26 -179
-44 -25 179
-43 -24 178
-41 -23 177
-40 -22 176
-39 -22 175
-38 -21 174
-37 -21 173
-36 -20 172
-34 -19 171
-33 -19 170
-32 -18 169
-30 -18 168
-29 -17 167
-28 -17 167
-26 -17 166
-25 -17 165
-23 -16 165
-22 -16 164
-21 -16 163
-20 -16 162
-18 -16 161
-17 -15 161
-16 -15 160
-14 -15 159
-13 -15 158
-12 -14 157
-10 -14 156
-9 -14 155
-7 -14 154
-6 -13 153
-4 -13 152
-2 -13 151
0 -13 150
0 -13 149
2 -13 148
4 -13 147
5 -13 146
7 -13 145
8 -13 145
9 -13 144
11 -14 143
12 -14 142
13 -14 141
14 -14 141
16 -15 140
17 -15 139
18 -16 138
18 -16 137
19 -17 137
20 -17 136
21 -18 135
22 -18 134
22 -19 133
23 -19 133
24 -20 132
25 -20 131
25 -21 130
26 -21 129
27 -22 128
27 -22 128
28 -23 127
29 -23 126
29 -24 125
29 -24 124
30 -25 124
30 -25 123
31 -26 122
31 -26 122
32 -26 121
32 -27 121
33 -27 120
33 -27 119
34 -28 118
34 -28 118
35 -29 117
35 -29 116
35 -30 115
35 -30 114
36 -31 113
36 -31 112
36 -31 112
37 -32 111
37 -32 110
37 -33 110
37 -33 109
37 -33 109
37 -34 108
37 -34 108
37 -35 107
37 -35 107
37 -36 107
37 -36 107
37 -36 106
37 -37 106
37 -37 106
37 -37 106
37 -38 105
37 -38 105
37 -38 105
37 -38 105
37 -38 105
38 -38 105
38 -39 105
38 -39 105
38 -39 105
39 -39 105
39 -39 106
39 -38 106
39 -38 106
39 -38 106
39 -38 106
39 -38 107
40 -38 107
40 -38 107
40 -38 107
41 -38 107
41 -38 107
41 -39 107
41 -39 108
41 -39 108
41 -39 108
41 -39 108
42 -39 108
42 -39 108
42 -40 108
42 -40 108
42 -40 108
42 -41 108
42 -41 107
43 -42 107
43 -42 107
43 -42 107
43 -42 107
43 -43 107
43 -43 107
43 -43 107
42 -43 108
42 -43 108
42 -43 108
41 -42 109
41 -42 109
40 -42 110
40 -42 110
40 -42 111
39 -42 111
39 -42 112
39 -42 112
38 -41 113
38 -41 114
38 -41 115
37 -40 116
37 -39 118
36 -39 119
35 -38 120
34 -38 121
33 -38 122
33 -38 123
32 -38 124
31 -37 124
31 -37 125
30 -37 126
29 -36 128
28 -36 129
27 -35 131
26 -35 133
25 -34 134
23 -34 136
22 -33 138
20 -33 140
19 -33 142
17 -32 144
15 -32 146
14 -31 148
12 -31 151
10 -31 153
8 -31 155
6 -31 157
4 -31 160
2 -31 162
0 -31 165
-1 -31 168
-3 -31 171
-5 -32 173
-7 -32 176
-9 -33 179
-11 -34 -177
-13 -34 -175
-15 -35 -173
-17 -36 -170
-18 -36 -168
-20 -37 -166
-21 -37 -165
-22 -38 -163
-23 -38 -162
-24 -39 -160
-25 -39 -159
-26 -40 -157
-27 -40 -156
-28 -41 -155
-28 -41 -154
-29 -42 -154
-30 -42 -153
-30 -42 -153
-31 -42 -152
-31 -43 -152
-32 -43 -152
-32 -43 -152
-33 -42 -152
-33 -42 -152
-33 -42 -153
-33 -42 -153
-33 -41 -153
-34 -41 -154
-33 -40 -154
-33 -40 -155
-33 -39 -155
-33 -39 -156
-33 -38 -156
-33 -38 -157
-33 -37 -158
-32 -37 -158
-32 -36 -159
-32 -35 -161
-31 -35 -162
-31 -34 -163
-30 -34 -164
-30 -33 -166
-29 -33 -167
-28 -32 -168
-28 -32 -169
-28 -32 -169
-27 -32 -170
-27 -31 -171
-26 -31 -172
-26 -31 -173
-25 -30 -174
-24 -29 -176
-23 -29 -177
-22 -28 -179
-20 -27 178
-19 -27 176
-18 -26 175
-16 -25 173
-14 -25 171
-12 -24 170
-11 -24 168
-9 -23 166
-7 -23 164
-5 -22 163
-3 -22 161
-1 -21 160
0 -21 158
2 -21 157
4 -21 155
6 -21 153
8 -21 151
10 -21 150
12 -21 148
14 -22 146
16 -22 144
18 -23 142
20 -23 140
22 -24 138
24 -25 136
26 -26 134
28 -27 132
30 -28 129
32 -29 127
34 -30 125
35 -31 123
37 -32 121
38 -33 119
39 -33 118
40 -34 117
41 -35 116
42 -35 115
42 -36 114
42 -36 114
43 -36 114
43 -36 114
43 -37 114
43 -37 114
44 -37 114
44 -37 114
44 -37 114
44 -37 114
45 -37 115
45 -37 115
45 -36 115
45 -36 116
46 -36 116
46 -35 117
46 -35 117
46 -35 118
47 -34 118
47 -34 118
47 -33 119
47 -33 119
48 -33 120
48 -32 120
48 -32 121
47 -32 121
47 -31 121
47 -31 122
47 -31 122
47 -31 122
47 -31 122
47 -31 122
47 -31 122
47 -31 122
47 -32 122
47 -32 122
47 -32 122
47 -32 122
47 -32 122
47 -32 122
47 -32 122
47 -32 122
47 -32 122
47 -32 122
47 -32 123
47 -32 123
47 -31 123
46 -31 124
46 -30 125
46 -30 125
45 -30 126
45 -29 127
44 -29 127
44 -28 128
43 -28 129
43 -27 130
42 -27 131
41 -26 132
41 -25 134
40 -25 135
39 -24 136
38 -24 137
36 -23 139
35 -22 140
34 -22 142
32 -21 144
30 -21 146
28 -20 147
26 -20 149
24 -19 151
22 -19 153
20 -19 154
17 -18 156
15 -18 158
12 -18 160
9 -18 162
7 -19 164
4 -19 166
1 -20 168
-1 -20 171
-4 -21 173
-6 -22 175
-9 -23 178
-12 -24 -179
-14 -25 -176
-17 -26 -174
-19 -27 -172
-21 -29 -169
-23 -30 -167
-25 -31 -165
-27 -33 -163
-28 -34 -162
-30 -35 -160
-31 -37 -159
-32 -38 -158
-32 -39 -157
-33 -39 -156
-34 -40 -155
-34 -41 -155
-35 -41 -155
-35 -41 -155
-35 -41 -155
-36 -41 -155
-36 -41 -155
-37 -41 -155
-37 -41 -155
-37 -41 -155
-37 -41 -155
-37 -41 -156
-37 -41 -156
-37 -40 -156
-37 -40 -156
-37 -40 -157
-37 -40 -157
-37 -40 -157
-37 -39 -158
-37 -39 -158
-37 -39 -158
-37 -39 -159
-37 -39 -159
-37 -39 -159
-37 -39 -160
-37 -38 -160
-37 -38 -160
-36 -38 -161
-36 -38 -162
-35 -37 -163
-35 -36 -164
-34 -35 -165
-33 -34 -167
-32 -33 -169
-31 -32 -171
-30 -30 -173
-29 -29 -175
-27 -28 -177
-26 -27 -179
-24 -26 178
-22 -25 177
-20 -24 175
-19 -24 173
-17 -23 171
-15 -22 170
-13 -22 168
-11 -21 167
-9 -21 165
-7 -21 164
-5 -21 162
-3 -20 161
-1 -20 160
0 -20 158
2 -20 157
4 -20 156
6 -20 154
8 -20 153
10 -20 151
13 -20 149
15 -20 148
17 -21 146
20 -21 144
22 -22 142
25 -22 140
27 -23 138
30 -24 135
32 -25 133
35 -26 130
37 -28 127
39 -29 125
41 -31 122
43 -32 120
44 -33 118
45 -34 117
46 -35 117
46 -35 116
46 -35 117
46 -34 117
46 -34 118
46 -34 119
46 -33 120
45 -33 120
45 -33 121
45 -33 121
45 -33 121
46 -33 121
46 -33 121
46 -33 121
46 -33 121
47 -32 121
47 -32 121
47 -32 121
47 -32 121
47 -32 121
47 -32 121
47 -32 121
47 -32 121
47 -32 122
47 -32 122
47 -32 122
47 -32 122
47 -32 122
47 -32 122
47 -33 122
47 -33 122
47 -33 122
47 -33 123
47 -33 123
46 -33 123
46 -32 124
46 -32 125
45 -31 126
44 -31 128
44 -30 129
43 -29 130
42 -29 131
42 -28 132
41 -28 133
40 -28 134
39 -27 135
38 -27 136
37 -26 137
35 -25 139
34 -25 140
32 -24 142
31 -23 144
29 -23 145
27 -22 147
25 -22 149
23 -21 150
21 -21 152
19 -21 154
17 -21 156
15 -20 157
12 -20 159
10 -20 161
8 -21 162
6 -21 164
3 -21 166
1 -21 168
0 -22 170
-3 -22 172
-5 -23 173
-7 -23 175
-10 -24 177
-12 -25 179
-14 -26 -178
-16 -27 -176
-18 -28 -174
-20 -29 -171
-22 -30 -169
-24 -31 -167
-26 -32 -166
-27 -34 -164
-29 -35 -162
-30 -36 -161
-31 -37 -159
-32 -38 -158
-33 -38 -157
-34 -39 -157
-34 -40 -156
-35 -40 -156
-36 -40 -156
-37 -40 -156
-37 -40 -156
-38 -40 -156
-38 -40 -156
-38 -40 -156
-38 -40 -157
-38 -40 -157
-38 -40 -157
-38 -39 -158
-38 -39 -158
-38 -38 -159
-38 -38 -159
-38 -37 -160
-38 -37 -160
-38 -36 -161
-38 -36 -161
-38 -36 -161
-38 -36 -162
-38 -36 -162
-38 -36 -162
-38 -35 -162
-37 -35 -163
-37 -35 -163
-37 -34 -164
-37 -34 -164
-37 -33 -165
-36 -33 -166
-36 -32 -167
-35 -31 -168
-35 -31 -168
-34 -30 -169
-34 -29 -170
-33 -29 -171
-32 -28 -172
-31 -27 -173
-31 -27 -174
-30 -26 -176
-29 -25 -177
-27 -25 -178
-26 -24 -179
-25 -23 179
-24 -23 177
-22 -22 176
-21 -21 175
-19 -21 174
-18 -20 172
-16 -20 171
-14 -19 170
-13 -19 169
-11 -18 167
-9 -18 166
-8 -18 165
-6 -17 163
-4 -17 162
-2 -17 161
0 -17 159
1 -16 158
3 -16 156
5 -16 155
7 -16 153
9 -16 151
11 -16 150
13 -17 148
16 -17 146
18 -17 144
20 -18 142
23 -19 140
25 -19 138
28 -20 135
30 -22 132
33 -23 130
35 -24 127
37 -26 124
39 -27 121
41 -29 118
43 -30 116
44 -31 114
45 -32 113
46 -33 112
46 -33 111
47 -34 111
47 -34 111
47 -34 111
47 -34 111
48 -34 111
48 -34 111
48 -34 110
48 -34 110
49 -35 110
49 -35 110
49 -35 110
49 -35 109
49 -35 109
49 -35 109
49 -35 110
49 -35 110
49 -35 110
49 -35 110
49 -35 110
50 -35 111
50 -35 111
50 -35 111
50 -35 111
50 -35 112
49 -35 112
49 -35 113
49 -35 113
48 -34 114
48 -34 114
48 -33 115
47 -33 116
47 -33 117
46 -32 118
46 -32 118
45 -32 119
45 -31 120
44 -31 120
44 -31 121
43 -30 121
43 -30 122
42 -30 123
41 -29 123
40 -29 124
39 -28 125
38 -28 127
37 -27 128
36 -26 129
35 -26 131
34 -25 132
32 -25 133
31 -24 135
29 -24 136
28 -23 138
26 -23 139
25 -23 140
23 -22 141
22 -22 142
20 -22 143
19 -21 145
17 -21 146
15 -21 147
13 -21 148
11 -21 150
9 -21 151
7 -21 153
5 -21 155
2 -21 157
0 -21 159
-2 -22 161
-6 -22 164
-9 -23 166
-12 -24 169
-16 -25 172
-19 -27 176
-22 -29 179
-25 -31 -176
-28 -33 -173
-30 -36 -169
-32 -38 -166
-34 -40 -162
-35 -43 -160
-37 -44 -157
-38 -46 -156
-39 -47 -154
-40 -48 -153
-40 -49 -153
-41 -49 -153
-41 -49 -153
-41 -49 -153
-41 -49 -154
-41 -48 -154
-41 -47 -155
-40 -46 -156
-40 -46 -157
-40 -45 -158
-39 -44 -158
-39 -43 -159
-39 -43 -160
-38 -42 -161
-38 -42 -162
-38 -42 -162
-38 -41 -163
-37 -41 -163
-37 -41 -163
-37 -41 -163
-37 -41 -163
-37 -41 -163
-37 -41 -164
-37 -41 -164
-37 -41 -164
-37 -40 -165
-37 -40 -165
-37 -40 -165
-37 -39 -166
-37 -39 -166
-37 -39 -167
-37 -38 -167
-36 -38 -167
-36 -38 -168
-36 -37 -168
-36 -37 -168
-35 -36 -169
-35 -36 -169
-35 -35 -170
-34 -35 -171
-34 -34 -171
-33 -34 -172
-32 -33 -173
-32 -32 -173
-31 -32 -174
-30 -31 -175
-29 -31 -175
-28 -30 -176
-28 -30 -177
-27 -29 -177
-26 -29 -178
-25 -28 -179
-24 -28 179
-23 -27 179
-22 -27 178
-21 -26 177
-20 -26 177
-19 -25 176
-18 -25 175
-16 -24 174
-15 -23 173
-13 -23 172
-12 -22 171
-10 -21 170
-8 -21 168
-6 -20 167
-4 -19 165
-1 -19 164
0 -18 162
2 -18 161
5 -17 159
7 -17 158
10 -17 156
13 -16 155
15 -16 154
18 -16 152
21 -16 151
23 -16 150
26 -16 148
28 -16 147
31 -16 146
33 -17 145
35 -17 144
37 -17 143
38 -17 142
40 -17 142
41 -17 141
42 -17 141
42 -17 141
43 -17 141
43 -17 141
44 -16 141
44 -16 142
44 -16 142
44 -16 142
44 -16 143
43 -16 143
43 -16 143
43 -16 144
42 -16 144
42 -16 145
41 -16 145
41 -16 145
40 -16 146
40 -16 146
40 -16 146
39 -16 146
39 -17 146
39 -17 146
38 -17 146
38 -17 146
38 -18 146
38 -18 145
37 -18 145
37 -19 145
36 -19 145
35 -20 145
35 -20 145
34 -21 145
33 -21 144
32 -21 144
32 -22 144
31 -22 144
30 -23 144
29 -23 143
28 -24 143
28 -25 143
27 -25 142
26 -26 142
25 -27 141
25 -27 141
24 -28 140
23 -29 139
22 -30 138
21 -30 137
21 -31 137
20 -32 136
19 -33 135
19 -34 134
18 -35 133
18 -36 132
17 -36 131
17 -37 130
16 -38 129
16 -39 128
16 -39 127
15 -40 126
15 -41 126
14 -41 125
14 -42 124
13 -42 123
13 -43 122
12 -44 121
12 -44 121
11 -45 120
11 -45 119
11 -45 118
10 -46 118
10 -46 117
9 -47 116
9 -47 115
8 -48 114
8 -48 113
7 -48 113
7 -49 112
7 -49 111
6 -50 111
6 -50 111
6 -50 110
6 -50 110
5 -50 110
5 -50 110
5 -50 110
4 -49 109
4 -49 109
4 -48 108
4 -48 108
3 -48 107
3 -48 106
2 -48 105
2 -48 105
1 -48 104
0 -49 104
0 -49 104
-1 -49 103
-2 -50 103
-3 -50 103
-4 -50 103
-5 -50 102
-5 -50 102
-6 -50 101
-7 -50 101
-8 -50 101
-9 -50 100
-10 -50 100
-10 -50 99
-11 -50 98
-11 -50 98
-12 -50 97
-12 -49 97
-12 -49 96
-12 -49 96
-13 -49 96
-13 -49 95
-14 -49 95
-14 -49 95
-15 -49 94
-15 -49 94
-16 -48 94
-16 -48 93
-16 -48 93
-16 -48 92
-16 -48 92
-15 -48 92
-15 -48 92
-15 -48 92
-15 -48 92
-15 -48 92
-15 -49 92
-15 -49 92
-15 -50 92
-15 -50 92
-15 -50 92
-14 -50 92
-14 -50 92
-14 -50 92
-14 -50 92
-14 -50 91
-15 -50 91
-15 -50 91
-15 -50 90
-15 -50 90
-15 -50 90
-15 -50 90
-15 -50 89
-15 -50 89
-15 -50 89
-15 -50 89
-15 -50 89
-15 -50 89
-15 -50 88
-15 -51 88
-14 -51 88
-14 -51 88
-14 -51 87
-14 -51 87
-14 -51 87
-14 -52 87
-14 -52 86
-13 -52 86
-13 -52 86
-13 -52 86
-13 -52 86
-13 -52 86
-13 -52 86
-13 -52 86
-13 -52 86
-13 -52 86
-13 -52 86
-13 -52 86
-13 -52 86
-13 -52 85
-13 -52 85
-13 -52 85
-13 -53 85
-13 -53 85
-13 -53 85
-13 -53 85
-13 -53 85
-13 -53 85
-13 -53 85
-13 -53 85
-13 -53 85
-13 -53 85
-13 -53 85
-13 -53 85
-13 -53 85
-13 -53 85
-13 -53 85
-13 -53 85
-13 -53 85
-13 -53 85
-13 -53 85
-13 -54 85
-13 -54 85
-13 -54 85
-13 -54 85
-13 -54 85
-13 -54 85
-13 -54 85
-13 -54 85
-13 -54 85
-13 -54 85
-13 -54 85
-13 -54 85
-13 -55 85
-13 -55 85
-13 -55 85
-13 -55 85
-13 -55 85
-13 -55 85
-13 -55 86
-13 -55 86
-13 -55 86
-13 -55 86
-13 -55 86
-13 -55 86
-13 -55 86
-13 -55 86
-13 -55 86
-13 -55 86
-13 -55 86
-13 -55 86
-13 -55 86
-14 -55 86
-14 -55 86
-14 -55 86
-14 -55 87
-14 -55 87
-14 -55 87
-14 -55 87
-14 -55 87
-14 -55 87
-14 -55 87
-14 -55 87
-14 -55 87
-14 -56 87
-14 -56 87
-14 -56 87
-14 -56 87
-14 -56 87
-14 -56 87
-14 -56 87
-14 -56 88
-14 -56 88
-14 -56 88
-14 -56 88
-15 -56 88
-15 -56 88
-15 -56 88
-14 -56 88
-14 -56 88
-14 -56 88
-14 -57 87
-14 -57 87
-14 -57 87
-14 -57 87
-14 -57 87
-14 -57 87
-14 -57 87
-14 -57 87
-14 -57 86
-14 -57 86
-14 -57 86
-15 -57 86
-15 -57 86
-15 -57 86
-15 -58 86
-15 -58 86
-15 -58 86
-15 -58 86
-15 -58 86
-15 -58 86
-16 -58 86
-16 -58 86
-16 -58 86
-16 -58 86
-16 -58 86
-16 -59 86
-16 -59 85
-16 -59 85
-16 -59 85
-17 -59 85
-17 -59 85
-17 -59 85
-17 -60 84
-17 -60 84
-17 -60 84
-17 -60 84
-17 -60 84
-17 -60 83
-17 -60 83
-17 -61 83
-17 -61 83
-17 -61 82
-17 -61 82
-18 -61 82
-18 -61 82
-18 -61 81
-18 -62 81
-18 -62 81
-18 -62 81
-18 -62 81
-18 -62 81
-18 -62 81
-18 -62 81
-18 -62 81
-18 -62 81
-19 -62 81
-19 -62 81
-19 -62 81
-19 -63 81
-19 -63 81
-19 -63 81
-19 -63 80
-19 -63 80
-19 -63 80
-19 -63 80
-19 -63 80
-19 -63 80
-19 -63 80
-19 -63 80
-19 -63 80
-19 -63 80
-19 -63 80
-19 -63 80
-19 -63 80
-19 -63 80
-19 -63 80
-19 -63 80
-19 -63 79
-19 -63 79
-19 -64 79
-19 -64 79
-19 -64 79
-19 -64 79
-19 -64 80
-19 -64 80
-19 -64 80
-19 -64 80
-19 -65 80
-19 -65 80
-19 -65 80
-19 -65 80
-19 -65 80
-19 -65 80
-19 -65 80
-19 -65 81
-19 -65 81
-20 -65 81
-20 -66 81
-20 -66 81
-20 -66 81
-20 -66 81
-20 -66 81
-20 -66 81
-20 -66 81
-20 -66 81
-20 -66 81
-20 -66 81
-20 -67 81
-20 -67 81
-20 -67 81
-20 -67 81
-20 -67 81
-20 -67 81
-20 -67 81
