0 0 0
0 0 0
0 0 0
0 0 0
0 0 0
0 0 0
0 1 0
0 1 0
-1 1 0
-1 2 0
-1 2 0
-1 2 0
0 2 0
0 2 0
0 3 -1
0 3 -1
1 3 -1
2 3 -1
3 3 -1
4 3 -2
5 3 -2
5 3 -2
6 3 -2
7 3 -2
7 4 -2
8 4 -2
9 4 -2
9 4 -3
10 4 -3
11 4 -3
12 4 -4
12 4 -4
13 4 -4
15 4 -5
16 5 -5
17 5 -6
18 5 -6
19 5 -6
20 6 -7
21 6 -7
22 6 -7
23 7 -7
24 7 -8
25 8 -8
25 8 -8
26 8 -8
27 9 -9
28 9 -9
28 10 -9
29 10 -9
29 10 -9
29 11 -9
29 11 -9
29 12 -9
29 12 -9
29 12 -9
29 13 -9
29 13 -9
29 13 -9
29 14 -9
29 14 -9
29 14 -9
29 15 -9
30 15 -9
30 15 -10
30 15 -10
30 16 -10
30 16 -10
30 16 -10
30 16 -10
30 16 -10
30 16 -10
30 16 -10
30 16 -10
29 16 -11
29 15 -11
29 15 -11
28 15 -11
28 15 -11
27 14 -12
27 14 -12
26 14 -12
26 13 -12
26 13 -12
26 13 -12
25 12 -13
25 12 -13
25 12 -13
25 11 -13
25 11 -13
26 11 -14
26 11 -14
26 10 -14
26 10 -14
26 10 -14
26 10 -14
26 9 -14
26 9 -14
26 9 -15
26 9 -15
26 8 -15
26 8 -15
26 8 -15
26 8 -15
26 8 -15
27 8 -15
27 8 -15
28 8 -15
28 8 -15
29 8 -15
30 9 -15
31 9 -15
32 10 -15
33 10 -15
34 10 -15
36 11 -15
37 11 -14
39 12 -14
40 12 -14
42 13 -14
43 14 -14
45 14 -13
46 15 -13
48 16 -12
49 17 -12
51 18 -11
53 19 -10
54 20 -9
56 22 -8
57 23 -7
59 25 -5
61 27 -4
62 29 -2
63 31 0
65 33 1
66 36 3
67 38 5
68 41 7
68 43 10
69 45 12
69 48 14
69 50 16
70 52 18
70 53 19
70 55 21
70 57 23
70 59 25
70 61 26
70 62 28
70 64 30
70 66 32
70 68 34
70 70 35
70 71 37
70 73 39
70 75 40
70 76 41
70 77 42
69 78 43
69 79 44
69 80 45
69 80 45
69 81 46
68 81 46
68 82 47
68 82 47
68 82 47
68 83 48
68 83 48
68 83 48
68 83 48
68 83 48
68 83 48
67 83 48
67 83 48
67 83 48
67 83 47
67 83 47
67 83 47
67 83 47
67 82 47
67 82 47
67 82 47
67 82 47
67 82 47
67 82 47
67 82 47
67 82 47
67 82 46
67 82 46
67 82 46
67 82 46
67 81 46
67 81 46
67 81 46
67 81 46
67 81 46
67 81 46
67 81 46
67 81 46
68 81 45
68 81 45
68 80 45
68 80 45
68 80 45
68 80 45
68 80 45
68 80 45
68 80 45
68 80 45
68 80 45
68 80 45
68 80 45
69 80 45
69 81 46
69 81 46
69 81 46
69 81 46
69 81 46
69 82 46
69 81 46
69 81 46
69 81 46
69 81 46
69 81 46
69 81 45
69 81 45
69 81 45
69 81 45
69 81 46
69 81 46
69 81 46
69 81 46
69 81 46
69 82 46
69 82 47
69 82 47
69 82 47
69 82 47
69 82 47
69 82 47
69 82 47
70 82 47
70 82 47
70 82 47
70 82 47
70 82 47
70 83 47
70 83 48
70 83 48
70 83 48
70 83 48
70 83 48
70 83 48
70 84 48
70 84 49
70 84 49
70 84 49
70 84 49
70 85 50
70 85 50
71 85 50
71 85 50
71 86 51
71 86 51
71 86 51
71 86 52
71 86 52
71 86 52
71 86 52
71 86 52
71 86 52
71 86 51
71 86 51
71 86 51
71 86 51
71 86 51
71 86 52
71 86 52
71 86 52
71 86 52
71 86 52
71 86 52
71 86 52
71 86 52
71 86 52
71 86 52
71 86 52
71 86 52
72 86 52
72 86 52
72 86 52
72 86 52
72 86 52
72 86 52
72 86 52
72 86 52
72 86 52
72 86 52
72 86 52
72 86 52
72 86 52
72 86 52
72 86 52
72 86 52
72 85 52
72 85 52
72 85 52
72 85 52
72 85 52
72 85 52
72 85 52
72 85 52
72 85 52
72 85 52
72 85 52
72 85 51
72 85 51
72 84 51
72 84 51
72 84 51
72 84 51
72 84 51
72 84 51
72 84 51
72 84 51
72 84 51
72 84 51
72 84 51
72 84 51
73 84 52
73 85 52
73 85 52
73 85 52
73 84 52
73 84 52
73 84 51
73 84 51
73 83 51
73 83 51
73 83 50
73 82 50
73 82 50
73 82 50
73 82 50
73 81 50
73 81 49
73 81 49
73 80 49
73 80 48
73 79 48
73 79 47
72 78 47
72 77 46
72 76 45
72 75 44
72 74 43
72 73 42
72 72 41
71 70 40
71 69 39
71 68 37
71 67 36
70 66 35
70 64 34
69 63 32
69 61 31
68 60 29
68 58 28
67 57 27
67 55 25
66 54 24
66 53 23
65 51 21
64 50 20
64 49 19
63 48 18
62 47 17
62 46 16
61 45 16
60 45 15
60 44 14
59 43 13
58 43 13
57 42 12
56 41 11
56 40 11
55 40 10
54 39 9
53 38 8
51 37 7
50 36 7
48 35 6
47 35 5
45 34 4
43 33 4
41 32 3
39 31 2
36 30 1
34 30 1
32 29 0
29 29 0
26 28 0
24 28 0
21 27 -1
18 27 -1
15 26 -2
12 26 -2
9 25 -2
6 25 -3
3 24 -3
0 24 -3
-2 24 -3
-5 23 -4
-8 23 -4
-11 23 -4
-14 22 -4
-16 22 -4
-19 21 -4
-21 21 -4
-23 20 -4
-25 20 -4
-27 20 -4
-28 19 -5
-30 19 -5
-31 18 -5
-31 18 -4
-32 17 -4
-32 17 -4
-32 16 -4
-32 16 -3
-32 16 -3
-32 15 -3
-32 15 -3
-32 15 -3
-33 15 -3
-33 15 -3
-33 15 -3
-34 14 -3
-34 14 -3
-34 14 -3
-34 13 -3
-34 13 -3
-34 13 -3
-33 13 -3
-33 13 -3
-32 13 -3
-31 13 -3
-30 14 -3
-29 14 -3
-28 14 -3
-27 14 -4
-25 14 -4
-24 15 -4
-22 15 -4
-21 15 -4
-19 15 -4
-17 15 -4
-15 16 -4
-14 16 -4
-12 16 -4
-10 16 -4
-8 16 -4
-5 17 -4
-3 17 -4
-1 17 -4
1 18 -4
3 18 -4
6 18 -4
8 18 -4
11 19 -4
14 19 -4
16 19 -4
19 19 -4
21 20 -3
24 20 -3
26 20 -3
28 20 -3
30 20 -3
32 20 -3
34 21 -3
36 21 -2
38 21 -2
40 21 -2
41 21 -2
43 22 -1
44 22 -1
45 22 -1
47 22 -1
48 23 0
49 23 0
51 23 0
52 23 0
54 24 0
55 24 0
57 24 0
58 25 1
60 25 1
61 26 2
63 27 2
65 27 3
66 28 4
68 29 5
70 31 6
71 32 7
73 34 9
74 36 11
76 39 13
77 42 17
78 46 21
79 52 27
81 60 34
81 69 43
82 79 53
82 89 63
82 98 72
82 106 79
82 111 85
82 115 89
82 118 92
82 120 93
82 121 94
82 121 95
82 121 94
82 120 94
82 120 93
81 119 92
81 118 92
81 118 92
81 118 91
81 118 91
81 118 91
81 117 90
81 116 90
81 115 89
81 114 87
82 112 85
82 110 83
82 107 80
82 104 77
82 101 74
82 98 71
82 95 69
82 93 66
82 90 63
82 87 60
81 83 56
81 77 50
80 71 44
79 64 37
78 58 30
76 52 24
74 47 19
72 42 15
70 39 12
67 37 9
65 35 7
62 33 6
60 32 4
57 31 3
54 30 2
52 29 1
49 28 1
46 27 0
43 26 0
40 26 0
37 25 0
34 25 -1
30 24 -1
27 24 -1
23 23 -1
20 23 -1
16 22 -1
13 22 -1
10 21 -1
6 21 -1
3 21 -1
0 20 -1
-2 20 -1
-5 19 0
-7 19 0
-10 18 0
-12 18 0
-14 17 0
-16 17 0
-18 17 0
-19 16 0
-21 16 0
-22 16 0
-23 16 0
-23 15 0
-24 15 0
-25 15 0
-25 15 0
-26 15 0
-26 15 0
-27 15 0
-27 15 0
-28 15 0
-28 15 0
-28 15 0
-29 15 0
-29 15 1
-30 15 1
-30 15 1
-31 15 1
-31 15 1
-32 14 2
-32 14 2
-32 14 2
-33 14 2
-33 15 2
-33 15 2
-33 15 2
-33 15 2
-33 15 2
-33 15 2
-33 15 2
-33 15 2
-33 15 2
-33 15 2
-33 15 2
-33 15 2
-33 15 2
-33 15 2
-32 15 2
-32 15 2
-32 15 2
-31 15 1
-31 16 1
-30 16 1
-29 16 1
-27 16 1
-26 17 0
-24 17 0
-21 18 0
-18 18 0
-15 18 0
-12 19 0
-9 19 0
-6 20 0
-2 20 0
0 20 0
4 21 0
7 21 0
11 21 -1
14 21 -1
18 21 0
21 22 -1
24 22 -1
28 22 -1
31 22 -1
34 22 -1
38 22 -1
41 23 0
44 23 0
47 23 0
50 23 0
54 23 0
57 23 0
60 24 0
64 24 0
67 25 0
71 26 2
74 28 3
77 31 7
79 36 11
82 43 18
83 53 29
85 67 42
85 84 59
86 102 77
86 119 94
86 134 109
86 146 121
85 155 130
85 162 137
84 167 142
84 170 145
83 172 147
83 174 148
83 174 149
83 175 150
82 175 150
82 175 150
82 175 149
82 174 149
82 173 148
82 173 147
82 172 147
82 172 146
82 172 146
82 172 146
82 172 146
82 172 146
82 172 146
82 172 146
82 172 146
82 172 146
82 171 146
83 171 145
83 171 145
83 170 145
83 170 144
83 169 143
83 168 142
84 167 141
84 166 140
84 165 139
84 165 139
84 165 139
84 164 139
84 164 138
85 163 137
85 161 136
85 159 133
86 155 129
86 148 123
87 136 111
87 115 90
87 86 61
86 61 37
84 47 22
81 39 14
79 34 10
76 31 7
73 29 5
70 27 3
66 26 2
63 25 2
59 24 1
55 23 0
52 22 0
48 22 0
44 21 0
40 20 0
36 20 0
32 20 0
28 20 0
24 19 0
21 19 0
17 18 0
13 18 0
9 17 0
6 16 0
2 16 1
0 15 1
-4 14 1
-7 14 1
-10 13 1
-13 12 2
-16 12 2
-18 11 2
-20 11 2
-22 10 3
-23 10 3
-24 10 3
-25 10 3
-26 9 3
-26 9 3
-26 9 3
-26 10 3
-25 10 3
-25 10 3
-25 10 3
-25 10 3
-24 10 3
-24 11 3
-24 11 3
-24 11 3
-24 11 3
-24 11 3
-24 11 3
-24 11 3
-24 11 3
-24 11 3
-24 11 3
-24 11 3
-24 11 3
-24 11 3
-24 11 3
-24 11 3
-23 11 3
-23 11 3
-23 11 3
-22 11 3
-22 11 3
-22 12 3
-21 12 3
-21 12 3
-21 12 3
-21 12 2
-21 12 2
-21 12 2
-21 12 2
-21 12 2
-21 12 2
-21 12 2
-20 12 2
-20 12 2
-20 12 2
-19 12 1
-19 12 1
-18 12 1
-17 13 0
-17 13 0
-16 13 0
-16 13 0
-15 14 0
-14 14 -1
-12 14 -1
-11 15 -2
-9 15 -2
-7 16 -3
-4 16 -3
-1 17 -4
1 17 -4
5 18 -5
9 19 -5
13 19 -6
18 20 -6
24 21 -6
29 22 -6
35 23 -6
41 24 -6
47 25 -5
53 27 -4
59 28 -3
65 31 0
70 34 2
75 40 8
79 50 18
83 70 38
84 103 71
83 131 99
82 144 112
81 149 117
81 150 118
81 149 117
81 146 115
81 144 113
82 143 112
81 143 113
81 145 115
81 148 117
80 150 120
79 152 122
79 154 123
79 154 124
78 154 124
79 154 124
79 154 124
79 154 124
79 153 124
79 154 124
79 154 124
79 154 125
79 155 125
79 155 126
79 155 126
80 155 125
80 154 124
80 153 123
80 152 122
81 151 121
81 149 119
81 147 117
82 145 115
82 141 111
83 136 107
83 130 100
83 120 90
84 107 77
83 91 62
83 75 46
81 62 34
79 53 24
77 46 17
75 41 13
73 37 9
70 35 7
68 32 5
65 30 3
62 29 2
59 28 1
56 27 0
53 26 0
49 25 0
45 24 0
41 23 0
37 22 0
33 21 -1
29 21 -1
25 20 -1
20 19 -1
16 19 0
12 18 0
8 18 0
4 17 0
0 17 0
-2 16 0
-5 16 0
-8 15 0
-11 14 0
-14 14 0
-16 13 0
-17 13 0
-19 12 0
-20 12 0
-22 12 0
-23 12 1
-24 11 1
-24 11 1
-25 11 2
-26 11 2
-27 10 2
-27 10 2
-28 10 3
-29 10 3
-29 9 3
-30 9 3
-30 9 4
-31 9 4
-31 9 4
-31 9 4
-32 9 4
-32 9 4
-32 9 4
-33 9 4
-33 9 4
-34 9 4
-34 8 4
-34 8 4
-34 8 4
-35 8 4
-35 8 4
-35 8 4
-35 8 4
-35 8 4
-34 8 4
-34 8 4
-34 8 4
-33 8 3
-33 8 3
-32 8 3
-31 9 3
-30 9 3
-28 9 2
-27 10 2
-25 10 2
-24 10 1
-22 11 1
-20 11 1
-17 11 0
-15 11 0
-13 12 0
-10 12 0
-7 12 -1
-5 12 -2
-2 13 -2
0 13 -3
3 13 -4
7 13 -4
10 14 -5
14 14 -5
17 14 -6
21 14 -6
24 14 -7
28 14 -8
31 13 -8
35 13 -9
39 13 -10
43 13 -10
46 13 -11
50 13 -11
54 13 -11
58 14 -11
62 14 -11
66 15 -11
70 15 -11
74 16 -11
79 17 -10
82 18 -9
86 23 -5
88 54 25
88 162 133
86 173 144
85 174 145
85 172 143
84 169 140
84 166 138
84 164 136
84 163 135
84 163 134
83 164 135
83 164 135
82 165 135
81 164 134
81 164 134
80 163 133
80 162 132
80 162 131
80 162 131
80 162 131
80 162 131
80 162 131
80 162 132
80 163 132
80 163 132
80 163 132
80 163 132
80 163 132
80 163 132
80 163 132
80 163 132
80 163 132
80 162 131
81 162 131
81 161 129
81 159 128
82 156 125
83 153 122
83 148 116
84 139 108
85 125 94
86 103 72
85 76 45
84 55 24
82 41 11
79 33 3
76 28 -1
72 25 -4
68 22 -6
64 20 -7
60 19 -8
55 17 -9
50 16 -10
45 15 -10
40 14 -10
35 13 -10
30 13 -10
24 12 -10
19 11 -9
14 10 -9
9 9 -8
4 8 -7
0 7 -6
-5 6 -6
-9 5 -5
-13 3 -4
-17 2 -4
-20 1 -4
-23 0 -3
-26 0 -3
-28 0 -2
-30 -1 -2
-32 -1 -1
-33 -2 -1
-34 -2 -1
-34 -2 -1
-34 -2 -1
-34 -2 -1
-34 -1 -1
-33 -1 -1
-33 -1 -1
-32 -1 -1
-32 -1 -1
-32 -1 -1
-31 -1 -1
-31 -1 -1
-31 -1 0
-31 -1 0
-31 -1 -1
-31 0 -1
-31 0 -1
-31 0 -1
-31 0 -1
-31 0 -1
-32 0 -1
-32 0 -1
-32 0 -1
-32 -1 -1
-32 -1 -1
-32 -1 -1
-33 -1 -2
-33 -1 -2
-33 -1 -2
-32 -1 -2
-32 -1 -2
-32 -1 -2
-32 -1 -2
-32 -1 -2
-32 -1 -2
-32 -1 -2
-32 -2 -2
-32 -2 -2
-32 -2 -2
-32 -2 -2
-32 -2 -2
-31 -2 -2
-31 -1 -3
-31 -1 -3
-31 -1 -3
-30 -1 -4
-30 -1 -4
-29 0 -4
-28 0 -5
-27 0 -5
-26 0 -6
-25 0 -6
-23 1 -7
-22 1 -8
-20 2 -9
-17 3 -10
-15 4 -11
-12 5 -12
-9 6 -13
-6 6 -13
-2 7 -14
0 8 -15
4 8 -16
8 9 -17
12 9 -18
17 9 -19
21 9 -20
26 9 -21
31 9 -22
36 9 -23
41 8 -25
46 7 -26
51 7 -27
56 6 -29
61 4 -31
66 2 -34
70 0 -37
74 -4 -41
78 -9 -47
80 -17 -55
83 -27 -65
84 -40 -79
85 -55 -93
85 -69 -107
86 -81 -119
85 -91 -129
85 -100 -138
85 -107 -145
84 -113 -152
84 -118 -157
83 -122 -160
83 -124 -163
83 -125 -164
83 -125 -164
83 -125 -164
83 -124 -163
84 -122 -161
84 -120 -159
84 -119 -157
84 -117 -156
83 -116 -155
83 -114 -153
84 -113 -151
84 -110 -149
84 -107 -146
84 -103 -141
84 -96 -135
84 -88 -126
85 -78 -116
84 -66 -104
84 -54 -91
83 -41 -79
82 -31 -68
81 -22 -59
80 -15 -52
78 -9 -46
76 -5 -42
74 -1 -38
71 1 -35
68 3 -32
65 4 -30
61 6 -28
57 7 -27
53 7 -25
48 8 -24
43 8 -23
38 8 -22
34 8 -21
29 8 -20
24 8 -19
19 7 -18
14 7 -17
9 7 -16
5 7 -15
0 6 -14
-4 6 -13
-8 5 -12
-12 4 -11
-16 3 -10
-20 2 -9
-23 1 -8
-25 0 -8
-27 0 -8
-29 0 -8
-30 0 -7
-30 0 -7
-31 0 -8
-31 0 -8
-30 0 -8
-30 0 -8
-29 1 -8
-29 1 -9
-28 1 -9
-28 1 -9
-27 2 -9
-27 2 -9
-26 2 -9
-26 2 -9
-26 2 -9
-26 2 -9
-26 2 -9
-26 2 -9
-26 2 -10
-26 2 -10
-26 2 -10
-26 2 -10
-26 2 -10
-26 2 -10
-26 1 -9
-25 1 -9
-25 1 -9
-25 1 -9
-25 1 -9
-24 1 -9
-24 1 -9
-24 1 -9
-23 1 -9
-23 2 -9
-22 2 -10
-22 2 -10
-21 2 -10
-21 2 -10
-20 2 -10
-20 2 -10
-19 2 -10
-19 2 -11
-18 2 -11
-17 2 -11
-16 3 -12
-15 3 -12
-14 3 -13
-12 3 -13
-11 4 -13
-9 4 -14
-7 4 -14
-5 4 -15
-3 4 -15
-1 5 -15
0 5 -16
2 5 -16
4 5 -16
6 5 -17
9 5 -17
11 5 -18
13 5 -18
15 5 -18
18 5 -19
20 5 -19
23 5 -20
25 5 -20
28 5 -21
31 4 -22
35 4 -23
38 4 -24
42 3 -25
45 3 -26
49 2 -27
52 1 -29
56 0 -31
59 -1 -33
62 -3 -36
64 -5 -38
66 -7 -41
68 -9 -44
70 -12 -46
71 -14 -48
72 -15 -50
73 -16 -52
73 -17 -53
73 -18 -54
73 -19 -54
73 -19 -55
73 -19 -55
73 -19 -55
73 -18 -55
73 -18 -54
73 -17 -54
73 -16 -54
73 -16 -53
74 -15 -53
74 -15 -53
74 -14 -53
74 -14 -52
74 -13 -52
73 -12 -51
73 -11 -50
73 -10 -49
73 -10 -49
73 -9 -49
73 -10 -49
73 -10 -50
73 -11 -50
73 -11 -51
74 -12 -52
74 -12 -52
73 -12 -52
73 -11 -52
73 -10 -51
73 -9 -50
73 -9 -49
73 -8 -48
73 -7 -47
73 -6 -47
73 -5 -45
73 -3 -44
74 -2 -42
74 0 -40
74 1 -38
74 4 -36
74 6 -33
74 8 -31
74 11 -29
74 13 -26
74 16 -24
74 19 -21
74 21 -18
74 24 -15
74 26 -13
73 28 -11
73 31 -8
72 33 -5
72 36 -3
71 39 0
71 42 2
70 44 5
70 47 7
69 50 10
69 52 12
68 55 15
68 57 17
68 60 19
67 62 21
67 64 23
66 65 25
65 66 26
65 67 27
64 68 28
63 69 29
61 70 30
61 71 31
60 72 32
59 73 33
58 74 34
57 75 35
56 76 36
56 77 37
55 78 38
54 79 39
53 80 40
52 80 40
51 81 41
50 82 42
48 82 42
47 83 43
46 83 44
45 84 44
45 84 45
44 85 45
43 85 46
42 86 47
41 86 47
40 87 48
39 88 48
38 88 49
37 89 50
36 89 50
35 90 51
34 90 52
33 91 52
32 92 53
31 92 53
30 93 54
29 94 54
28 94 55
28 95 56
27 96 56
26 96 57
25 97 58
24 97 58
23 98 59
22 98 59
21 98 60
20 98 60
19 99 60
18 99 61
17 99 61
16 100 61
15 100 62
14 100 62
13 100 62
12 100 63
11 101 63
10 101 63
9 101 63
8 101 63
7 101 63
6 101 63
5 102 63
4 102 63
3 102 64
1 103 64
0 103 64
0 103 64
-1 103 64
-2 104 64
-3 104 64
-5 104 64
-6 104 64
-7 104 64
-8 104 64
-9 104 63
-10 104 63
-12 104 63
-13 105 62
-14 105 62
-15 105 62
-17 105 62
-18 105 62
-19 105 61
-20 105 61
-22 105 61
-23 105 60
-24 105 60
-25 105 60
-26 105 59
-27 106 59
-28 106 59
-29 106 58
-30 106 58
-31 106 58
-32 106 58
-33 106 58
-35 106 58
-36 106 58
-37 106 58
-38 106 58
-40 107 57
-41 107 57
-42 107 57
-44 107 57
-45 107 57
-46 107 56
-47 107 56
-49 108 56
-50 108 56
-51 108 56
-52 108 55
-54 108 55
-55 108 55
-56 109 55
-58 109 55
-59 109 55
-60 109 55
-61 110 54
-62 110 54
-63 110 54
-64 111 54
-65 111 53
-66 112 52
-67 113 51
-68 114 51
-69 115 49
-70 116 48
-71 118 47
-72 119 46
-73 120 44
-73 122 43
-74 123 42
-75 124 40
-76 126 38
-77 128 37
-77 130 35
-78 132 33
-79 134 31
-79 136 29
-80 138 27
-80 140 25
-81 142 23
-81 145 20
-82 149 16
-82 153 13
-82 157 9
-82 161 5
-83 164 1
-83 168 -1
-83 171 -4
-83 174 -7
-83 177 -10
-83 179 -12
-84 -177 -15
-84 -174 -18
-84 -171 -20
-84 -168 -23
-84 -165 -26
-84 -162 -29
-84 -159 -32
-84 -156 -35
-84 -153 -37
-84 -150 -40
-84 -147 -42
-84 -145 -44
-84 -143 -46
-84 -142 -47
-84 -141 -48
-84 -139 -49
-84 -138 -50
-84 -137 -51
-84 -135 -53
-85 -132 -55
-85 -130 -57
-85 -126 -61
-85 -122 -64
-85 -118 -68
-85 -114 -72
-85 -110 -76
-85 -105 -81
-85 -101 -85
-85 -96 -90
-85 -90 -95
-85 -85 -101
-85 -79 -106
-84 -74 -111
-84 -70 -115
-84 -67 -119
-84 -64 -121
-83 -62 -123
-83 -61 -125
-83 -59 -126
-82 -57 -128
-82 -55 -131
-82 -53 -133
-82 -50 -136
-81 -47 -139
-81 -44 -142
-81 -41 -145
-80 -38 -148
-80 -35 -151
-79 -33 -153
-79 -30 -156
-78 -28 -158
-77 -26 -160
-77 -24 -162
-76 -23 -164
-75 -21 -165
-74 -20 -167
-73 -18 -168
-72 -16 -170
-71 -14 -172
-70 -12 -174
-69 -11 -175
-67 -10 -177
-66 -9 -178
-65 -8 -178
-64 -8 -179
-63 -8 -179
-62 -7 -179
-62 -7 -179
-60 -6 179
-59 -6 179
-58 -5 178
-57 -4 178
-56 -3 177
-54 -3 176
-53 -2 176
-52 -1 175
-50 -1 175
-49 0 175
-47 0 174
-46 0 174
-44 1 173
-42 1 173
-41 2 172
-39 3 172
-37 4 171
-35 4 170
-33 5 170
-31 5 169
-30 6 169
-28 6 169
-27 6 169
-26 6 169
-24 6 169
-23 6 169
-22 6 169
-20 6 169
-19 6 169
-18 7 169
-16 7 169
-15 7 169
-14 7 169
-12 7 169
-11 7 169
-10 7 169
-9 7 169
-7 7 169
-6 7 169
-4 7 169
-3 8 169
-2 8 169
0 8 169
0 8 169
1 8 169
3 8 169
4 8 169
5 8 169
7 8 169
8 8 169
9 8 169
10 8 168
12 8 168
13 8 168
15 8 168
16 8 168
18 8 167
19 8 167
21 8 167
23 8 167
24 8 167
26 8 167
27 8 167
29 8 167
30 8 166
32 8 166
33 8 166
35 8 165
36 8 165
38 8 165
39 8 165
40 8 165
42 8 165
43 8 164
44 8 164
45 7 164
46 7 164
47 7 164
48 7 163
49 7 163
50 6 163
51 6 163
52 6 162
53 6 162
54 5 162
55 5 161
57 5 161
58 5 160
59 5 160
60 4 159
61 4 159
62 4 158
63 3 158
64 3 158
65 3 157
65 3 157
66 3 156
67 2 156
67 2 156
68 2 155
68 2 155
69 1 154
69 1 154
70 1 154
70 0 153
70 0 153
71 0 153
71 0 152
71 0 152
72 0 151
72 -1 151
73 -1 150
73 -1 150
74 -2 149
74 -2 149
74 -3 148
75 -3 148
75 -4 147
75 -5 146
76 -5 146
76 -6 145
77 -7 144
77 -8 143
77 -9 142
78 -9 141
78 -10 141
78 -10 140
78 -11 140
78 -11 139
79 -12 138
79 -13 137
79 -14 136
79 -15 135
79 -16 135
79 -17 134
79 -17 134
79 -18 133
79 -19 132
79 -19 132
80 -20 131
80 -21 130
80 -22 129
79 -23 128
79 -23 128
79 -24 127
79 -24 127
80 -25 126
80 -26 125
80 -27 124
80 -28 123
80 -29 123
80 -30 122
80 -30 122
80 -30 121
80 -30 121
80 -30 122
80 -30 122
80 -30 122
80 -30 121
80 -30 121
80 -31 120
80 -32 119
80 -33 118
79 -35 117
79 -36 116
79 -37 114
79 -38 113
80 -39 112
80 -40 111
80 -41 110
80 -42 110
80 -43 109
80 -44 107
80 -45 106
80 -46 105
80 -47 104
80 -48 103
80 -49 103
80 -49 102
81 -49 103
81 -48 103
81 -48 104
81 -47 105
81 -46 106
81 -45 107
80 -44 108
80 -43 109
80 -41 111
80 -38 114
79 -34 118
79 -29 123
78 -24 129
77 -19 134
75 -14 139
74 -10 144
72 -7 147
70 -5 150
68 -3 153
66 -1 155
63 0 157
61 0 158
59 1 160
56 2 161
54 3 162
51 4 164
48 4 165
45 5 166
43 5 167
40 6 168
37 6 169
34 6 170
31 6 171
28 6 172
25 6 172
22 6 173
18 6 174
15 6 174
12 5 175
9 5 176
6 4 177
3 4 177
0 3 178
-2 2 179
-4 2 179
-7 1 -179
-9 1 -178
-12 0 -178
-14 0 -178
-15 0 -177
-17 0 -177
-18 0 -177
-19 -1 -177
-19 -1 -177
-20 -1 -177
-20 -1 -177
-20 -1 -177
-20 0 -177
-19 0 -177
-19 0 -177
-19 0 -178
-18 0 -178
-18 0 -178
-18 0 -178
-18 0 -178
-18 0 -179
-18 0 -179
-19 0 -179
-19 0 -179
-19 0 -179
-20 0 -179
-20 0 -179
-20 0 -179
-20 0 -179
-20 0 -179
-20 0 -178
-20 0 -178
-20 0 -178
-20 0 -178
-20 0 -179
-19 0 -179
-19 1 -179
-19 1 -179
-18 1 179
-18 1 179
-18 1 179
-18 1 179
-18 1 179
-17 1 179
-17 1 178
-17 1 178
-17 1 178
-16 1 178
-16 2 177
-15 2 177
-14 2 176
-13 2 176
-11 2 176
-10 3 175
-9 3 175
-7 3 174
-5 3 174
-3 4 174
-2 4 173
0 4 172
1 4 172
4 5 171
6 5 171
8 5 170
10 5 170
12 5 169
14 5 169
16 5 168
18 4 168
20 4 167
22 4 167
24 4 166
26 4 166
28 4 165
30 4 165
32 4 164
35 4 163
37 3 163
40 3 162
42 3 161
45 2 160
47 1 159
50 0 157
53 0 156
55 -1 154
58 -2 153
61 -4 151
63 -6 148
66 -9 145
68 -12 141
71 -16 137
73 -21 133
74 -26 127
76 -31 122
77 -35 117
77 -39 113
78 -42 110
78 -44 109
78 -45 108
78 -46 107
78 -46 107
78 -46 107
78 -47 107
78 -47 107
78 -48 106
78 -48 106
78 -48 106
79 -48 106
79 -48 106
79 -47 107
80 -45 109
80 -43 111
80 -41 113
80 -39 116
80 -37 118
79 -35 120
79 -33 121
79 -32 123
79 -31 124
79 -31 124
78 -31 124
78 -31 124
78 -32 124
78 -32 124
78 -33 123
78 -33 123
78 -33 123
78 -33 123
78 -33 124
77 -32 124
77 -32 125
77 -31 126
76 -30 127
76 -29 128
76 -28 130
76 -26 131
76 -25 132
75 -24 133
75 -23 134
75 -22 135
75 -22 136
74 -21 136
74 -20 137
73 -20 138
73 -19 139
72 -18 140
71 -17 142
71 -16 143
70 -15 145
69 -13 146
68 -12 147
67 -11 149
66 -10 150
65 -9 151
64 -9 152
63 -8 153
62 -8 154
61 -7 154
60 -6 155
59 -6 156
57 -5 157
56 -4 158
54 -4 159
52 -3 160
51 -2 161
49 -1 162
47 0 163
45 0 164
43 0 165
40 0 166
38 1 167
36 1 167
33 1 168
31 2 169
28 2 169
26 2 170
23 2 171
20 2 172
17 2 173
14 2 173
11 2 174
7 2 175
4 2 176
1 2 176
-1 2 177
-4 1 178
-7 1 179
-9 0 -179
-12 0 -178
-14 0 -178
-16 0 -177
-17 -1 -176
-19 -1 -176
-20 -2 -175
-21 -2 -175
-22 -2 -175
-23 -2 -174
-23 -2 -174
-24 -3 -173
-24 -3 -173
-24 -3 -173
-24 -3 -173
-24 -3 -173
-24 -3 -173
-24 -3 -173
-24 -3 -173
-24 -2 -173
-24 -2 -173
-24 -2 -174
-24 -2 -174
-24 -2 -174
-24 -2 -174
-24 -1 -174
-24 -1 -174
-24 -1 -174
-23 -1 -175
-23 -1 -175
-23 -1 -175
-22 -1 -175
-22 0 -176
-21 0 -176
-21 0 -177
-20 0 -177
-19 0 -178
-18 0 -178
-16 1 -179
-15 1 -179
-13 1 179
-11 2 178
-9 2 177
-6 3 176
-3 3 175
0 3 174
2 4 173
5 4 173
8 4 172
11 4 171
14 4 170
17 4 169
20 4 168
23 4 167
26 3 167
29 3 166
32 3 165
35 2 164
38 2 163
41 1 162
44 0 161
47 0 159
49 0 158
52 -1 157
54 -2 156
56 -3 154
59 -4 153
61 -6 151
63 -8 149
64 -9 147
66 -12 144
68 -14 142
70 -17 139
71 -20 135
73 -24 131
74 -28 126
75 -32 122
76 -37 117
77 -41 113
77 -44 110
77 -47 107
78 -49 105
78 -51 103
78 -52 102
78 -53 101
78 -54 100
78 -55 99
78 -56 99
79 -56 98
79 -57 97
79 -58 96
80 -59 95
80 -59 95
80 -59 95
80 -59 95
80 -58 97
80 -56 98
80 -54 100
80 -52 103
80 -50 104
80 -48 106
80 -47 107
80 -47 108
80 -46 108
79 -46 109
79 -45 110
79 -44 111
79 -42 112
79 -41 114
78 -39 116
78 -36 119
78 -33 122
78 -30 125
77 -27 129
76 -23 133
75 -19 137
74 -15 141
73 -12 145
72 -9 148
70 -7 151
69 -5 153
67 -3 155
66 -1 157
65 0 158
63 0 160
62 1 161
60 3 163
58 4 164
57 4 165
55 5 166
53 5 167
50 6 168
48 6 169
46 7 170
43 7 171
41 7 172
38 8 173
36 8 174
33 8 175
31 8 176
28 8 177
26 8 177
23 8 178
21 8 179
18 7 179
16 7 -179
13 7 -178
10 7 -177
8 7 -176
5 6 -176
3 6 -175
0 6 -174
-1 5 -174
-4 5 -173
-6 4 -172
-8 4 -171
-10 3 -171
-12 3 -170
-14 2 -169
-15 2 -169
-16 1 -168
-17 1 -168
-18 0 -168
-19 0 -168
-20 0 -168
-21 0 -168
-22 0 -167
-22 0 -167
-23 0 -167
-24 -1 -166
-25 -1 -166
-26 -2 -166
-27 -2 -166
-27 -2 -166
-28 -2 -166
-29 -2 -166
-29 -3 -166
-29 -3 -166
-29 -3 -166
-29 -3 -166
-29 -3 -166
-29 -3 -167
-29 -3 -167
-28 -3 -167
-28 -2 -168
-27 -2 -169
-26 -1 -170
-24 -1 -171
-23 0 -172
-22 0 -172
-20 0 -173
-18 1 -174
-17 1 -175
-15 2 -176
-13 2 -177
-11 2 -177
-8 3 -178
-6 3 -179
-3 4 179
-1 4 178
1 4 177
4 5 176
7 5 175
10 5 174
13 6 174
16 6 173
19 6 172
22 6 172
25 6 171
28 6 170
30 6 169
33 6 169
35 6 168
38 6 168
40 6 167
42 6 167
44 6 166
46 5 166
48 5 166
50 5 165
51 5 165
53 4 164
54 4 164
56 3 163
57 3 162
59 2 161
60 1 160
62 0 159
63 0 158
65 -1 156
67 -2 154
69 -4 152
71 -6 150
72 -9 147
74 -13 143
76 -17 138
78 -23 132
79 -29 125
81 -36 118
82 -44 110
82 -52 102
83 -58 95
83 -64 89
83 -70 84
83 -74 80
83 -77 77
83 -79 75
83 -81 73
84 -82 72
84 -83 71
84 -84 70
84 -85 69
84 -85 69
84 -85 69
85 -85 69
85 -84 69
85 -84 70
85 -83 70
85 -82 71
85 -81 73
85 -79 75
85 -76 77
85 -74 80
85 -71 83
85 -67 86
85 -63 90
85 -59 95
85 -53 101
85 -46 108
85 -38 116
85 -31 123
84 -23 131
84 -16 137
83 -10 144
83 -5 150
81 0 155
80 3 159
78 7 162
77 9 165
75 11 167
73 12 168
70 12 169
68 13 170
65 13 171
62 13 172
60 14 172
57 14 173
53 14 174
50 14 174
47 14 175
44 13 175
41 13 175
37 13 176
34 13 176
31 13 177
28 13 178
24 13 178
21 13 179
18 12 179
15 12 -179
12 12 -178
9 11 -178
7 11 -177
4 10 -176
1 10 -176
0 9 -175
-2 8 -175
-5 8 -174
-7 7 -174
-10 6 -173
-12 6 -173
-14 5 -172
-16 5 -171
-18 4 -171
-20 3 -171
-22 3 -170
-23 2 -170
-25 2 -169
-26 1 -169
-27 1 -169
-28 1 -169
-28 0 -168
-29 0 -168
-29 0 -168
-29 0 -169
-29 0 -169
-29 1 -170
-29 1 -170
-29 1 -171
-28 2 -171
-28 2 -172
-27 2 -172
-27 3 -172
-26 3 -173
-26 3 -173
-25 3 -173
-24 4 -173
-24 4 -174
-23 4 -174
-22 4 -174
-22 5 -175
-21 5 -175
-21 5 -176
-20 5 -176
-20 6 -177
-19 6 -177
-18 6 -177
-17 6 -178
-17 6 -178
-16 6 -178
-15 6 -179
-13 6 -179
-12 6 179
-10 6 179
-9 7 179
-7 7 178
-5 7 178
-3 7 177
-1 7 177
0 8 176
2 8 176
4 8 175
6 8 175
8 8 175
10 8 174
12 8 174
14 8 173
16 8 173
17 8 172
19 7 171
21 7 171
24 7 170
26 7 169
28 7 169
30 6 168
32 6 167
35 6 167
37 6 166
39 5 165
41 5 164
43 4 163
45 4 162
47 3 161
49 3 160
51 2 159
53 2 158
55 1 157
57 1 156
59 0 155
60 0 154
62 -1 153
64 -2 151
65 -4 150
67 -6 148
69 -7 146
70 -10 144
72 -12 141
73 -15 138
75 -18 134
77 -23 130
78 -29 124
80 -36 116
81 -45 108
82 -54 98
82 -63 89
83 -71 81
83 -78 74
83 -83 68
83 -88 64
83 -91 61
83 -93 59
83 -94 58
83 -94 59
84 -93 59
84 -93 60
84 -92 60
84 -92 60
84 -93 60
84 -95 58
84 -97 55
85 -99 53
85 -101 52
85 -101 52
85 -100 53
86 -95 57
86 -87 66
86 -73 80
86 -55 99
86 -36 118
85 -22 132
83 -12 142
82 -6 149
80 -2 153
79 0 156
77 2 158
75 4 160
74 5 161
72 5 162
71 6 163
69 6 163
67 6 164
66 7 164
64 7 165
63 7 165
61 7 166
60 8 166
58 8 166
56 8 167
55 8 167
53 8 167
51 8 168
49 8 168
47 8 168
45 8 169
43 8 169
41 8 170
38 8 170
35 8 171
33 8 171
30 8 172
27 8 172
24 8 173
21 8 173
18 8 174
15 8 175
12 8 175
9 7 176
6 7 176
4 7 177
1 6 177
-1 6 178
-4 6 178
-7 5 179
-9 5 179
-12 5 179
-14 5 179
-17 4 -179
-19 4 -179
-20 4 -179
-22 4 -179
-23 3 -179
-24 3 -179
-25 3 -179
-25 2 -178
-26 2 -178
-26 2 -178
-26 2 -178
-26 2 -178
-26 2 -179
-26 2 -179
-26 3 -179
-26 3 -179
-26 3 179
-26 3 179
-26 3 179
-26 3 179
-27 3 179
-27 2 179
-27 2 179
-27 2 179
-27 2 179
-27 2 179
-27 2 179
-27 2 179
-27 2 178
-27 2 178
-26 2 178
-26 3 178
-25 3 178
-24 3 177
-24 3 177
-23 4 177
-22 4 176
-21 4 176
-20 4 175
-19 5 175
-18 5 174
-16 5 174
-15 5 173
-13 5 173
-12 6 173
-10 6 172
-8 6 172
-6 6 171
-4 6 170
-1 6 170
0 6 169
2 7 169
5 7 168
7 7 167
9 7 167
12 7 166
14 7 166
16 7 165
18 7 165
20 6 164
22 6 164
24 6 163
26 6 163
29 6 162
31 6 162
33 5 161
36 5 160
39 5 159
42 4 158
45 4 158
48 3 157
50 3 155
53 2 154
56 1 153
59 0 151
61 -1 150
64 -2 148
66 -4 146
69 -5 144
71 -7 143
72 -9 141
74 -11 139
75 -13 136
76 -15 134
77 -16 132
78 -18 131
79 -20 129
79 -21 128
79 -22 127
80 -23 126
80 -24 125
80 -25 124
80 -27 122
81 -27 122
81 -28 121
81 -28 121
81 -28 121
81 -28 121
82 -28 121
82 -28 121
82 -28 121
82 -28 121
82 -28 121
82 -28 121
83 -27 122
83 -26 122
83 -25 123
83 -24 124
83 -23 125
83 -22 127
83 -21 128
82 -20 129
82 -19 130
82 -18 131
82 -17 132
82 -16 133
82 -15 134
82 -14 135
82 -12 136
82 -11 138
81 -10 139
81 -8 141
81 -6 143
80 -4 145
79 -2 147
78 0 148
78 1 150
77 2 152
75 4 153
74 5 155
73 6 156
72 7 157
71 8 158
69 9 158
68 9 159
66 10 160
64 11 161
62 11 162
60 12 163
58 12 163
55 12 164
52 13 165
50 13 165
47 13 166
44 13 166
41 13 167
38 13 167
35 13 168
32 12 168
28 12 169
25 12 169
22 12 170
18 11 170
15 11 171
11 10 171
8 10 172
4 9 173
1 8 173
-1 7 174
-4 7 174
-7 6 175
-10 5 175
-12 4 175
-14 3 176
-16 3 176
-17 2 176
-19 2 176
-20 1 177
-21 1 177
-22 0 177
-23 0 177
-24 0 177
-24 0 177
-25 0 177
-25 0 177
-26 0 177
-26 0 177
-26 0 177
-26 0 177
-26 0 177
-26 0 177
-26 0 177
-26 0 177
-26 0 177
-26 0 177
-26 0 177
-26 -1 177
-26 -1 177
-25 -1 177
-25 -1 177
-25 -1 177
-25 -1 176
-24 -1 176
-24 -1 176
-23 -1 176
-22 -1 175
-21 -1 175
-20 -1 175
-19 -1 174
-18 0 174
-17 0 174
-16 0 173
-14 0 173
-13 0 173
-12 0 172
-10 0 172
-9 0 171
-7 0 171
-6 0 170
-4 0 170
-3 0 169
-1 1 169
0 1 168
2 1 168
4 1 167
6 1 167
8 1 166
10 1 166
12 1 165
15 1 164
17 1 164
19 1 163
21 1 162
24 1 161
26 1 161
28 1 160
30 1 159
33 1 158
35 1 157
38 1 156
40 0 155
43 0 154
45 -1 152
48 -2 150
50 -3 148
52 -4 147
53 -5 146
55 -5 145
56 -5 144
57 -5 144
57 -5 143
58 -5 143
59 -6 143
59 -6 142
59 -6 142
59 -6 142
60 -7 142
60 -7 142
60 -7 142
61 -7 142
61 -6 143
62 -6 143
62 -5 144
63 -4 145
63 -3 146
64 -2 148
64 -1 149
64 0 150
65 0 151
65 2 153
65 3 154
66 4 156
66 5 157
66 6 158
66 8 160
66 9 162
66 11 164
66 14 167
66 16 170
66 19 173
67 22 176
67 24 179
67 27 -177
67 30 -174
67 33 -171
67 37 -168
67 40 -164
66 43 -161
66 46 -157
65 49 -155
64 51 -152
64 53 -150
63 55 -148
62 58 -145
61 60 -143
61 62 -141
60 64 -139
60 66 -136
59 68 -134
58 71 -132
57 73 -131
56 75 -129
54 77 -127
53 78 -125
52 80 -124
51 81 -123
50 81 -122
49 82 -121
49 82 -121
48 83 -120
48 83 -120
47 84 -120
46 84 -119
45 85 -118
43 86 -118
42 87 -117
40 88 -116
39 89 -115
37 89 -115
36 90 -114
35 91 -114
34 91 -114
32 92 -113
31 92 -113
30 93 -112
28 93 -112
26 94 -112
25 94 -111
23 94 -111
21 94 -111
19 94 -111
17 94 -112
15 94 -112
13 94 -113
11 93 -113
9 93 -113
6 93 -114
4 93 -114
2 93 -114
0 93 -115
-1 93 -115
-3 93 -115
-5 94 -116
-7 94 -116
-9 94 -116
-10 95 -116
-12 95 -117
-13 95 -117
-15 96 -117
-16 96 -117
-17 97 -117
-18 97 -117
-19 98 -117
-20 98 -117
-21 99 -117
-23 100 -117
-24 100 -117
-25 101 -117
-26 102 -117
-27 103 -117
-29 103 -117
-30 104 -117
-31 104 -117
-32 104 -116
-33 105 -116
-34 105 -117
-35 105 -117
-36 106 -117
-37 107 -118
-38 107 -118
-39 107 -118
-40 107 -118
-41 107 -118
-42 107 -118
-43 107 -118
-44 107 -117
-45 107 -117
-46 108 -117
-46 108 -117
-47 108 -117
-48 108 -117
-49 108 -117
-50 108 -116
-50 108 -116
-51 107 -115
-51 106 -114
-52 105 -113
-52 105 -112
-52 104 -111
-53 104 -111
-54 104 -111
-54 104 -111
-55 104 -111
-56 104 -111
-56 104 -110
-57 103 -110
-58 103 -109
-59 102 -109
-60 101 -108
-60 101 -107
-61 101 -107
-62 100 -107
-63 100 -106
-63 100 -106
-64 99 -105
-65 99 -105
-65 98 -104
-66 97 -103
-66 96 -102
-67 96 -101
-67 95 -101
-68 94 -100
-68 94 -99
-69 93 -99
-69 93 -98
-70 93 -98
-70 92 -98
-71 92 -98
-72 92 -97
-72 91 -97
-73 90 -96
-73 89 -95
-74 87 -93
-75 85 -92
-75 84 -90
-76 82 -88
-77 80 -86
-77 78 -84
-78 75 -82
-78 73 -79
-79 70 -76
-79 67 -74
-80 64 -71
-80 62 -68
-80 58 -65
-81 55 -62
-81 52 -59
-82 48 -55
-82 45 -52
-82 41 -48
-82 37 -44
-83 34 -41
-83 30 -37
-83 27 -34
-83 23 -31
-83 20 -28
-83 18 -25
-83 15 -22
-83 13 -20
-82 12 -19
-82 11 -17
-82 10 -16
-82 9 -15
-81 8 -14
-81 8 -14
-81 8 -14
-80 9 -14
-80 9 -15
-80 10 -15
-80 11 -16
-79 11 -16
-79 12 -16
-79 12 -16
-79 12 -16
-79 11 -15
-79 10 -15
-79 10 -14
-78 9 -13
-78 9 -13
-77 9 -13
-77 9 -13
-76 10 -13
-76 10 -14
-75 11 -15
-74 12 -15
-74 12 -15
-73 12 -15
-73 12 -15
-72 12 -15
-71 12 -15
-70 12 -16
-69 12 -16
-67 13 -17
-66 14 -18
-65 14 -18
-64 14 -19
-62 14 -19
-61 15 -20
-60 15 -20
-59 15 -20
-57 15 -21
-56 15 -21
-54 16 -21
-52 16 -21
-51 16 -22
-49 16 -22
-48 15 -22
-46 15 -21
-45 15 -21
-44 15 -21
-42 15 -21
-41 15 -21
-40 14 -21
-39 14 -21
-37 14 -21
-36 14 -20
-35 13 -20
-34 13 -20
-32 13 -20
-31 13 -20
-30 13 -20
-28 13 -20
-27 13 -20
-25 13 -20
-23 13 -20
-22 13 -20
-20 13 -20
-18 13 -19
-17 13 -19
-15 13 -19
-14 13 -19
-12 13 -19
-11 13 -19
-9 13 -19
-8 13 -19
-6 13 -19
-5 13 -19
-3 13 -19
-2 13 -19
0 13 -19
0 13 -19
2 13 -20
3 13 -20
5 13 -20
7 13 -20
8 13 -20
10 13 -20
12 13 -19
14 13 -19
15 13 -19
17 13 -20
19 13 -20
21 13 -20
23 13 -20
24 13 -21
26 13 -21
28 13 -21
30 13 -21
31 13 -21
33 13 -21
34 13 -21
35 12 -22
37 12 -22
38 12 -22
39 11 -22
40 11 -23
42 10 -23
43 10 -23
44 10 -24
45 9 -24
46 9 -24
47 9 -24
48 8 -24
49 8 -25
50 8 -25
51 7 -25
52 7 -26
53 7 -26
54 6 -27
55 6 -27
55 5 -27
56 5 -28
56 4 -28
57 4 -28
58 4 -28
59 3 -28
60 3 -29
61 2 -30
63 2 -30
64 1 -31
65 1 -31
65 1 -31
66 0 -31
67 0 -32
68 0 -32
68 0 -32
69 0 -33
70 -1 -33
71 -2 -34
73 -2 -35
74 -3 -35
75 -3 -36
75 -4 -36
76 -4 -36
76 -4 -36
76 -4 -36
76 -4 -36
76 -5 -36
76 -6 -37
76 -7 -37
76 -8 -38
76 -9 -39
76 -9 -40
77 -10 -40
77 -10 -40
77 -10 -40
77 -10 -40
77 -10 -40
77 -9 -39
77 -10 -40
77 -11 -40
77 -11 -41
77 -12 -42
77 -13 -42
77 -14 -43
78 -14 -43
78 -14 -43
78 -14 -43
78 -14 -43
78 -15 -43
77 -15 -43
77 -15 -44
77 -16 -44
77 -17 -45
77 -17 -45
77 -18 -46
77 -18 -46
77 -18 -46
78 -19 -47
78 -19 -47
78 -20 -47
78 -20 -48
77 -20 -48
77 -21 -48
77 -21 -49
77 -22 -49
77 -22 -49
77 -22 -49
77 -23 -50
77 -23 -50
78 -24 -51
78 -24 -51
78 -25 -52
78 -25 -52
78 -25 -52
78 -26 -52
78 -26 -53
78 -26 -53
78 -27 -54
78 -28 -54
78 -28 -55
78 -29 -56
78 -30 -56
78 -30 -57
78 -30 -57
78 -30 -57
78 -30 -57
78 -30 -57
78 -30 -57
78 -30 -57
78 -30 -57
78 -31 -58
78 -31 -58
79 -32 -59
79 -33 -59
79 -33 -60
79 -34 -60
79 -34 -61
79 -34 -61
79 -35 -61
79 -35 -62
79 -36 -62
79 -36 -62
79 -36 -62
79 -36 -62
79 -36 -62
79 -37 -63
79 -37 -63
79 -38 -64
79 -39 -65
79 -40 -66
79 -41 -67
79 -41 -67
79 -42 -67
79 -42 -68
79 -42 -68
79 -42 -68
78 -43 -68
78 -43 -68
78 -43 -68
78 -43 -68
78 -42 -67
77 -41 -66
77 -39 -64
77 -37 -62
77 -34 -59
76 -30 -55
76 -27 -52
75 -24 -49
74 -21 -46
73 -19 -44
72 -18 -42
72 -16 -41
71 -15 -39
70 -14 -38
69 -13 -37
69 -12 -36
68 -11 -35
67 -10 -33
67 -9 -32
66 -8 -32
65 -7 -31
64 -7 -29
63 -6 -28
62 -5 -27
61 -4 -26
60 -2 -24
58 -1 -23
57 -1 -22
55 0 -21
53 0 -19
51 1 -18
49 2 -17
46 2 -16
44 3 -15
41 3 -14
39 3 -13
36 4 -12
33 4 -11
30 4 -10
26 5 -9
23 5 -8
19 5 -7
16 5 -6
12 4 -5
8 4 -4
4 3 -3
0 3 -2
-4 2 -1
-8 1 -1
-11 1 0
-15 0 0
-18 0 1
-21 -1 2
-24 -1 2
-26 -2 3
-28 -2 4
-30 -3 4
-31 -4 5
-33 -4 5
-34 -5 6
-34 -5 6
-35 -5 6
-35 -5 6
-35 -5 6
-35 -5 6
-35 -5 5
-35 -4 5
-35 -4 5
-35 -3 4
-35 -3 4
-35 -2 4
-35 -2 4
-35 -2 3
-35 -2 3
-35 -2 3
-35 -2 3
-36 -2 3
-35 -2 3
-35 -2 3
-35 -2 3
-34 -2 3
-33 -2 2
-33 -1 2
-32 -1 2
-31 -1 2
-30 -1 1
-29 -1 1
-28 -1 1
-27 -1 0
-26 -1 0
-25 0 0
-23 0 0
-22 0 -1
-20 0 -2
-18 0 -2
-16 0 -3
-13 0 -3
-11 0 -4
-8 0 -5
-5 0 -5
-2 0 -6
0 0 -6
3 0 -7
6 0 -7
9 0 -8
12 0 -9
15 0 -9
18 0 -10
22 0 -11
25 -1 -12
28 -1 -13
31 -2 -14
34 -3 -15
37 -3 -16
40 -4 -17
44 -5 -19
47 -6 -20
51 -8 -23
55 -10 -25
58 -13 -28
62 -16 -32
65 -21 -37
68 -26 -43
71 -33 -50
73 -40 -58
75 -49 -66
76 -57 -75
77 -66 -83
77 -73 -91
78 -80 -98
78 -86 -104
78 -91 -109
77 -95 -113
77 -99 -117
77 -102 -120
77 -105 -122
77 -107 -125
77 -109 -127
77 -111 -129
77 -113 -131
77 -115 -133
77 -117 -134
78 -118 -136
78 -120 -138
78 -121 -140
79 -123 -141
79 -124 -143
79 -125 -144
80 -126 -145
80 -126 -145
80 -126 -145
81 -125 -144
81 -123 -143
81 -122 -142
81 -121 -141
82 -119 -139
82 -118 -138
82 -116 -137
82 -115 -135
82 -113 -133
82 -111 -131
82 -107 -128
83 -103 -123
83 -98 -118
83 -91 -112
83 -85 -105
83 -77 -97
83 -70 -90
83 -62 -83
82 -55 -75
82 -47 -66
81 -39 -58
80 -31 -51
78 -25 -44
77 -20 -39
75 -15 -34
72 -12 -30
70 -9 -27
67 -7 -25
65 -5 -22
62 -4 -20
59 -2 -19
57 -1 -17
54 -1 -16
51 0 -15
48 0 -14
45 0 -13
42 0 -12
39 0 -12
36 1 -11
33 1 -10
30 1 -9
27 1 -9
24 1 -8
22 1 -7
19 1 -7
16 1 -6
13 0 -6
11 0 -5
8 0 -4
5 0 -4
2 0 -3
0 -1 -3
-2 -2 -2
-4 -2 -2
-7 -3 -1
-9 -3 -1
-11 -4 -1
-14 -4 0
-16 -4 0
-18 -5 0
-20 -5 0
-22 -5 0
-24 -6 1
-26 -6 1
-27 -6 1
-29 -7 1
-30 -7 1
-30 -7 1
-31 -6 0
-31 -6 0
-32 -6 0
-32 -6 0
-32 -5 0
-32 -5 0
-32 -5 -1
-32 -5 -1
-31 -5 -1
-31 -5 -1
-30 -5 -2
-30 -5 -2
-29 -5 -2
-29 -5 -2
-28 -5 -3
-28 -4 -3
-27 -4 -3
-27 -4 -3
-27 -4 -3
-26 -4 -3
-25 -4 -4
-25 -3 -4
-24 -3 -4
-23 -3 -5
-22 -3 -5
-21 -2 -5
-19 -2 -6
-18 -2 -6
-17 -2 -6
-15 -1 -7
-13 -1 -7
-12 -1 -7
-10 -1 -7
-8 -1 -8
-6 -1 -8
-4 -1 -9
-2 -1 -9
0 -1 -10
2 0 -10
5 -1 -11
8 -1 -11
10 -1 -12
13 -1 -12
15 -1 -13
18 -1 -13
20 -1 -14
23 -2 -14
25 -2 -15
27 -2 -16
29 -3 -16
31 -3 -17
33 -3 -17
35 -4 -18
36 -4 -18
38 -4 -19
40 -5 -19
42 -5 -19
43 -5 -20
45 -5 -20
47 -5 -21
48 -6 -21
50 -6 -22
51 -7 -22
53 -7 -23
54 -8 -24
56 -8 -25
57 -9 -26
59 -10 -27
61 -11 -28
62 -12 -29
64 -13 -31
66 -14 -33
68 -16 -35
70 -19 -38
72 -21 -41
73 -24 -44
75 -28 -48
77 -30 -51
78 -33 -54
80 -35 -56
81 -37 -58
82 -39 -60
83 -41 -62
83 -43 -65
84 -46 -68
85 -49 -71
85 -53 -75
85 -58 -80
86 -64 -86
86 -71 -93
86 -78 -100
87 -85 -107
87 -93 -115
87 -99 -121
87 -104 -125
87 -106 -128
87 -108 -130
87 -109 -130
87 -109 -131
87 -108 -130
87 -107 -129
87 -106 -128
87 -104 -126
87 -101 -124
87 -98 -120
87 -94 -117
87 -91 -113
87 -86 -109
87 -82 -104
87 -77 -99
87 -70 -93
86 -63 -86
86 -55 -77
86 -46 -68
85 -37 -59
84 -29 -51
83 -22 -44
82 -16 -39
80 -12 -34
79 -9 -31
77 -6 -28
75 -5 -26
73 -3 -25
71 -2 -23
68 -1 -22
66 0 -21
63 0 -20
60 1 -19
57 1 -18
54 2 -17
51 2 -16
48 2 -15
45 3 -14
41 3 -13
38 3 -13
35 3 -12
31 3 -11
28 3 -11
24 3 -10
20 3 -9
17 3 -8
13 3 -8
9 3 -7
5 2 -6
1 2 -5
-2 1 -4
-6 0 -3
-9 0 -2
-12 0 -2
-15 -1 -1
-18 -1 -1
-20 -1 -1
-22 -2 -1
-24 -2 -1
-26 -2 -1
-27 -3 -1
-28 -3 0
-30 -4 0
-30 -4 0
-31 -4 0
-31 -5 0
-31 -5 0
-31 -5 0
-31 -4 -1
-30 -4 -1
-30 -4 -1
-30 -4 -1
-29 -3 -1
-29 -3 -1
-29 -3 -1
-28 -3 -1
-28 -3 -2
-28 -3 -2
-28 -3 -2
-27 -3 -2
-27 -3 -2
-27 -3 -2
-26 -2 -2
-26 -2 -2
-26 -2 -3
-25 -2 -3
-25 -2 -3
-24 -2 -3
-24 -1 -3
-23 -1 -4
-23 -1 -4
-22 -1 -4
-21 -1 -5
-19 0 -5
-18 0 -6
-16 0 -6
-15 0 -7
-13 0 -7
-11 0 -7
-10 0 -8
-8 0 -9
-6 1 -9
-3 1 -10
-1 1 -11
0 1 -11
2 1 -12
4 1 -12
7 1 -13
9 1 -14
11 1 -14
14 1 -15
16 1 -16
18 1 -16
21 1 -17
23 1 -18
26 0 -19
28 0 -20
30 0 -21
32 0 -22
35 -1 -24
37 -1 -25
39 -2 -26
41 -3 -27
43 -4 -29
45 -5 -31
47 -7 -32
50 -8 -34
52 -10 -37
55 -12 -39
58 -14 -42
61 -17 -46
63 -20 -50
66 -24 -54
68 -28 -58
70 -31 -62
72 -35 -66
73 -39 -70
74 -42 -73
75 -45 -76
75 -48 -79
76 -51 -82
76 -53 -84
77 -55 -86
77 -58 -89
77 -60 -91
78 -63 -94
78 -65 -96
79 -68 -99
79 -70 -101
79 -72 -102
79 -73 -104
80 -74 -104
80 -74 -105
80 -74 -105
80 -74 -105
80 -74 -104
80 -74 -104
80 -73 -103
80 -72 -102
80 -71 -101
80 -70 -100
80 -68 -98
80 -67 -97
80 -65 -95
80 -63 -92
80 -60 -90
80 -57 -87
80 -54 -83
79 -50 -79
79 -45 -74
79 -40 -69
78 -35 -64
77 -31 -60
76 -26 -55
75 -22 -51
74 -19 -47
73 -16 -44
71 -13 -40
70 -10 -38
68 -8 -35
66 -6 -33
64 -4 -31
62 -3 -29
59 -1 -27
57 0 -26
54 0 -25
52 1 -23
49 1 -22
46 2 -21
43 2 -20
40 3 -19
37 3 -19
33 3 -18
30 4 -17
27 4 -16
23 4 -16
20 4 -15
16 4 -15
13 3 -14
9 3 -13
6 3 -13
3 3 -12
0 2 -11
-3 2 -11
-5 2 -11
-8 2 -10
-10 1 -10
-12 1 -10
-14 1 -10
-16 1 -10
-17 1 -10
-18 1 -10
-19 1 -10
-20 1 -10
-21 1 -10
-21 1 -10
-22 1 -10
-22 1 -10
-23 1 -10
-23 0 -10
-24 0 -10
-24 0 -10
-25 0 -10
-25 0 -10
-26 0 -10
-27 0 -9
-27 0 -9
-27 0 -9
-28 0 -9
-28 0 -9
-28 0 -10
-28 0 -10
-28 0 -10
-27 0 -10
-27 0 -10
-27 0 -11
-27 0 -11
-27 0 -11
-27 0 -11
-27 0 -11
-27 0 -11
-27 0 -12
-26 0 -12
-26 0 -12
-25 0 -12
-25 0 -13
-24 0 -13
-23 0 -13
-23 0 -13
-22 0 -14
-21 0 -14
-20 0 -14
-18 0 -14
-17 1 -15
-15 1 -15
-14 1 -16
-12 1 -16
-10 1 -17
-8 1 -17
-7 1 -18
-5 1 -18
-2 1 -19
0 1 -19
1 0 -20
4 0 -20
6 0 -21
9 0 -22
12 0 -23
15 0 -24
19 0 -25
22 -1 -26
26 -1 -28
29 -1 -29
33 -2 -31
36 -3 -32
40 -4 -34
43 -5 -36
47 -6 -38
50 -7 -40
53 -9 -42
56 -11 -44
59 -13 -47
62 -15 -50
65 -17 -53
67 -20 -56
69 -23 -59
71 -25 -61
72 -27 -64
73 -29 -65
74 -30 -66
74 -30 -66
75 -29 -65
75 -27 -63
75 -25 -60
76 -22 -58
76 -20 -55
76 -18 -53
76 -16 -51
76 -15 -50
76 -14 -50
76 -14 -50
77 -14 -49
77 -14 -49
78 -13 -49
78 -13 -49
78 -13 -48
78 -13 -48
78 -12 -48
78 -12 -48
78 -13 -48
78 -13 -49
78 -13 -49
78 -13 -50
77 -13 -50
77 -13 -50
77 -13 -50
77 -13 -50
78 -13 -50
78 -13 -50
78 -13 -51
78 -14 -51
78 -14 -51
78 -14 -52
77 -15 -52
77 -15 -53
77 -15 -53
77 -14 -52
76 -14 -52
76 -13 -51
75 -11 -49
74 -10 -48
73 -9 -46
72 -7 -45
71 -6 -43
69 -4 -41
68 -3 -40
66 -1 -38
64 0 -37
61 0 -35
59 1 -34
57 2 -33
54 2 -32
51 3 -32
49 3 -31
46 4 -30
43 4 -29
40 4 -28
36 5 -28
33 5 -27
29 5 -26
25 5 -25
20 5 -24
16 5 -23
11 4 -22
6 4 -21
1 4 -20
-2 3 -19
-7 3 -18
-11 2 -16
-15 2 -15
-18 1 -14
-21 1 -13
-24 0 -12
-26 0 -11
-29 0 -10
-31 0 -10
-32 0 -10
-34 0 -10
-35 0 -9
-36 0 -9
-37 0 -9
-37 0 -9
-37 -1 -9
-37 -1 -9
-38 -1 -8
-38 -1 -8
-38 -1 -8
-38 -1 -8
-38 -1 -8
-38 -1 -8
-38 -1 -8
-38 -1 -7
-39 -1 -7
-39 -1 -7
-39 -1 -7
-39 -1 -7
-40 -1 -6
-40 -1 -6
-40 -1 -6
-41 -1 -6
-41 -1 -6
-41 -1 -6
-41 -1 -6
-41 -1 -6
-41 -1 -6
-41 -1 -6
-41 -1 -6
-41 -1 -6
-41 -1 -6
-40 -1 -7
-40 0 -7
-39 0 -7
-38 0 -7
-37 0 -8
-36 0 -8
-35 0 -8
-34 0 -9
-33 0 -9
-31 0 -9
-30 0 -9
-29 1 -10
-27 1 -10
-25 1 -11
-23 2 -12
-20 2 -13
-17 2 -13
-15 2 -14
-12 2 -15
-9 2 -16
-6 2 -16
-3 3 -17
0 3 -18
2 3 -19
5 3 -19
8 2 -20
11 2 -21
14 2 -22
17 2 -23
19 2 -24
22 1 -25
25 1 -26
27 0 -27
30 0 -28
32 0 -29
34 -1 -30
36 -2 -31
39 -3 -32
41 -3 -34
43 -4 -35
45 -5 -36
47 -7 -38
49 -8 -40
52 -10 -42
54 -12 -45
56 -14 -47
58 -16 -50
59 -18 -52
60 -20 -55
61 -22 -56
62 -23 -57
63 -23 -58
63 -24 -58
63 -24 -58
63 -24 -58
63 -24 -58
63 -24 -58
63 -24 -58
63 -24 -59
63 -24 -59
64 -24 -59
64 -24 -59
64 -24 -59
65 -23 -59
65 -23 -59
65 -23 -59
65 -23 -59
65 -24 -59
66 -24 -59
66 -24 -60
66 -24 -60
66 -24 -60
66 -24 -60
66 -24 -60
66 -24 -60
66 -24 -60
66 -24 -60
66 -24 -60
65 -24 -60
65 -24 -60
65 -24 -60
65 -24 -60
65 -24 -60
65 -24 -60
65 -24 -60
65 -24 -60
65 -24 -60
65 -24 -59
64 -23 -59
64 -23 -58
64 -22 -57
64 -21 -56
64 -21 -56
64 -20 -55
64 -19 -54
64 -19 -53
64 -18 -53
64 -17 -52
64 -17 -51
65 -16 -50
65 -15 -49
65 -14 -47
65 -13 -46
65 -11 -44
65 -10 -43
65 -8 -41
65 -7 -39
65 -5 -37
65 -3 -35
65 -1 -33
66 0 -31
66 2 -29
66 4 -27
67 6 -25
67 9 -22
67 11 -19
67 14 -17
66 16 -14
66 19 -11
65 22 -8
65 24 -5
64 27 -2
64 30 0
63 33 3
63 36 5
62 38 8
62 41 11
61 43 13
60 45 15
59 47 17
59 49 19
58 50 21
57 52 23
56 54 25
55 55 26
54 57 28
53 58 29
52 59 30
51 60 32
50 61 33
49 63 34
48 64 35
47 65 36
45 66 38
44 67 39
43 69 40
42 70 41
41 71 42
40 72 43
39 74 44
38 75 45
37 76 46
36 77 47
35 78 48
34 79 49
32 80 50
31 81 50
30 82 51
28 82 52
27 83 53
26 84 53
24 85 54
23 85 55
22 86 56
20 86 56
19 87 57
18 87 57
17 87 57
16 88 58
14 88 58
13 88 58
12 89 58
11 89 59
9 89 59
8 90 59
7 90 60
6 90 60
4 91 60
3 91 60
2 91 60
0 91 60
0 92 60
-1 92 60
-2 92 61
-3 93 61
-5 93 61
-6 93 61
-7 93 61
-8 94 61
-9 94 61
-10 94 62
-11 94 62
-12 95 62
-13 95 62
-14 95 62
-15 95 62
-16 95 62
-17 95 63
-18 96 63
-19 96 63
-20 96 63
-21 96 63
-22 96 63
-23 96 63
-24 96 63
-25 96 63
-26 97 63
-27 97 63
-28 97 63
-29 97 63
-30 97 63
-31 97 63
-32 97 63
-33 97 63
-34 97 63
-35 98 63
-36 98 63
-37 98 63
-38 98 63
-39 98 63
-40 98 63
-41 98 64
-42 98 64
-43 98 64
-44 98 64
-45 99 64
-46 99 64
-47 99 65
-47 99 65
-48 98 65
-49 98 66
-50 98 66
-51 98 67
-52 97 67
-52 97 68
-53 97 68
-54 97 69
-55 96 69
-55 96 69
-56 96 69
-57 96 70
-57 96 70
-58 96 70
-59 95 70
-59 95 70
-60 95 70
-60 95 70
-61 95 70
-61 95 71
-62 95 71
-62 95 71
-63 95 72
-63 94 72
-64 94 72
-64 94 72
-65 94 73
-65 94 73
-66 94 73
-66 94 73
-66 94 73
-67 94 74
-67 93 74
-67 93 74
-67 93 75
-68 93 75
-68 93 75
-68 93 75
-68 93 75
-68 94 75
-69 94 74
-69 94 74
-69 94 75
-69 94 75
-70 93 75
-70 93 76
-70 92 77
-70 92 78
-70 91 78
-71 90 79
-71 90 79
-71 90 80
-71 89 80
-72 89 80
-72 89 80
-72 89 80
-72 89 80
-72 89 79
-73 89 79
-73 89 79
-73 89 79
-73 89 79
-73 89 79
-73 89 80
-73 89 80
-74 89 80
-74 88 81
-74 88 81
-74 88 81
-74 87 82
-75 87 83
-75 87 83
-75 86 84
-75 86 85
-75 85 85
-75 85 86
-75 84 87
-75 83 87
-75 83 88
-75 82 89
-76 81 90
-76 80 91
-76 79 92
-76 78 93
-76 77 95
-76 75 96
-76 74 97
-76 73 98
-76 71 100
-76 70 101
-76 68 103
-76 67 104
-76 65 106
-77 64 107
-77 62 109
-77 60 111
-77 57 113
-77 55 116
-77 53 118
-77 50 121
-76 48 123
-76 46 125
-76 44 127
-75 42 129
-75 40 131
-75 39 133
-74 37 134
-74 35 136
-74 33 138
-73 31 140
-73 29 142
-72 27 143
-72 26 145
-71 25 146
-70 24 147
-69 23 148
-68 22 149
-68 21 150
-67 19 151
-66 18 152
-65 17 153
-64 17 154
-63 16 155
-63 15 156
-62 14 157
-61 13 157
-60 13 158
-59 12 158
-59 12 159
-58 11 159
-57 11 160
-56 10 160
-55 10 160
-54 10 160
-53 10 160
-51 10 160
-50 10 160
-48 11 160
-46 11 160
-45 11 160
-43 11 160
-42 12 160
-41 12 160
-39 12 160
-38 12 160
-37 12 160
-35 12 160
-34 12 161
-32 12 161
-30 12 161
-28 12 161
-27 12 161
-25 12 161
-23 13 161
-21 13 161
-19 13 161
-18 13 161
-16 13 161
-14 13 161
-12 13 162
-11 13 162
-9 13 162
-7 13 162
-5 13 162
-3 13 162
-2 13 162
0 13 162
1 13 162
3 13 162
5 12 162
7 12 162
9 12 162
11 12 162
12 12 162
14 12 162
16 12 162
18 12 161
20 11 161
22 11 161
24 11 161
26 11 161
27 10 161
29 10 160
31 10 160
32 9 159
34 9 159
36 9 158
37 8 158
39 8 158
41 7 157
42 7 157
44 6 157
45 5 156
46 5 155
48 4 154
49 3 154
50 2 153
51 2 152
53 1 151
54 0 150
55 0 149
56 0 149
57 -1 148
57 -2 147
58 -3 146
59 -3 145
60 -4 144
61 -5 143
62 -7 141
63 -8 140
64 -9 138
65 -10 137
66 -11 136
67 -13 135
67 -14 134
68 -15 133
68 -16 132
68 -17 130
69 -18 129
69 -19 128
69 -21 126
70 -22 125
70 -23 124
71 -25 122
71 -26 121
71 -27 120
72 -28 119
72 -28 118
72 -29 118
72 -29 118
72 -30 117
72 -30 117
71 -31 116
71 -31 115
71 -32 115
71 -33 114
72 -33 113
72 -34 113
72 -34 112
72 -34 112
72 -34 113
72 -34 113
72 -34 113
72 -33 113
72 -33 114
72 -33 114
72 -33 114
72 -33 114
72 -33 114
72 -34 114
72 -34 113
72 -34 113
72 -35 113
72 -35 113
72 -35 112
73 -36 112
72 -36 112
72 -36 112
72 -37 111
72 -37 111
72 -37 111
72 -38 111
72 -38 110
72 -39 110
72 -39 110
72 -39 109
72 -40 109
72 -40 109
72 -40 109
72 -40 109
72 -40 109
72 -40 109
72 -40 109
72 -40 109
72 -41 109
72 -41 108
72 -41 108
72 -41 108
72 -41 108
73 -41 108
73 -41 108
73 -41 108
73 -41 108
73 -42 108
73 -42 107
73 -42 107
73 -43 107
73 -43 106
73 -44 106
73 -44 106
73 -44 105
73 -45 105
73 -45 105
73 -45 105
74 -46 104
74 -46 104
74 -47 104
74 -47 103
74 -47 103
74 -48 103
74 -48 103
74 -48 103
74 -48 103
74 -48 103
74 -48 103
74 -48 103
74 -48 103
74 -48 103
74 -48 103
74 -48 103
74 -49 103
74 -49 103
73 -49 102
73 -49 103
73 -49 103
73 -49 103
72 -49 103
72 -49 103
72 -48 104
72 -48 104
72 -48 104
72 -47 105
72 -47 105
72 -47 105
72 -47 106
72 -46 106
72 -45 107
71 -44 108
71 -43 109
71 -41 111
70 -40 113
69 -37 116
69 -35 118
68 -33 120
67 -31 123
66 -29 126
65 -26 128
64 -24 131
63 -21 134
61 -19 137
60 -17 139
58 -15 141
56 -13 143
54 -12 145
52 -11 147
50 -10 148
48 -9 149
46 -8 151
44 -8 152
41 -7 153
39 -6 154
37 -5 155
34 -5 157
31 -4 158
28 -3 159
25 -3 160
22 -3 161
19 -3 163
15 -3 164
12 -2 165
9 -2 166
5 -2 167
2 -2 167
0 -2 168
-3 -3 169
-6 -3 170
-8 -3 170
-10 -3 171
-12 -4 171
-13 -4 171
-15 -4 171
-16 -4 172
-17 -4 172
-18 -4 172
-19 -5 172
-20 -5 172
-20 -5 173
-21 -5 173
-21 -5 173
-22 -5 173
-22 -5 173
-22 -5 173
-22 -5 173
-22 -5 172
-21 -4 172
-21 -4 172
-21 -4 171
-20 -4 171
-20 -3 171
-20 -3 171
-19 -3 170
-19 -3 170
-19 -3 170
-19 -3 170
-19 -3 170
-18 -2 169
-18 -2 169
-17 -2 169
-17 -2 169
-16 -2 168
-16 -2 168
-15 -2 168
-15 -2 168
-14 -1 168
-13 -1 167
-12 -1 167
-11 -1 167
-9 -1 166
-8 -1 166
-6 -2 166
-5 -2 165
-3 -2 165
-1 -2 164
0 -2 164
2 -2 164
4 -2 163
6 -2 163
8 -3 162
10 -3 162
13 -3 161
15 -3 160
17 -3 159
19 -4 159
21 -4 158
24 -4 157
26 -5 157
28 -5 156
31 -5 155
33 -5 155
35 -6 154
37 -6 153
39 -6 153
42 -6 152
44 -7 152
46 -7 151
48 -7 151
50 -8 150
52 -8 149
54 -9 148
56 -10 147
58 -11 146
59 -13 145
61 -14 143
63 -16 141
65 -17 140
67 -19 137
68 -22 135
70 -25 132
72 -29 128
74 -33 123
75 -38 119
76 -43 114
77 -48 109
78 -52 104
79 -56 101
79 -59 98
80 -62 95
80 -64 93
80 -66 91
81 -69 88
81 -71 86
81 -74 84
81 -76 82
80 -77 80
80 -79 78
80 -81 77
80 -83 75
80 -84 73
80 -86 71
80 -88 69
80 -90 67
80 -91 66
80 -92 65
80 -92 64
80 -93 64
80 -92 64
80 -92 64
80 -91 65
80 -91 66
81 -90 66
81 -90 66
81 -90 66
82 -90 66
82 -90 65
82 -90 65
82 -90 65
82 -89 65
82 -88 66
82 -87 67
82 -86 69
83 -84 70
83 -83 71
82 -82 72
82 -81 73
82 -80 74
82 -80 74
82 -79 75
82 -78 76
82 -77 77
82 -75 79
82 -73 81
82 -71 83
82 -68 85
82 -65 88
82 -62 91
81 -58 95
81 -53 100
81 -48 106
80 -42 112
79 -36 118
78 -30 124
77 -25 130
75 -20 134
74 -17 139
72 -13 142
70 -11 145
68 -9 147
66 -7 149
64 -6 151
62 -5 152
59 -4 154
57 -4 155
55 -3 156
52 -2 157
50 -2 158
47 -1 159
45 -1 160
42 0 161
39 0 161
37 0 162
34 0 163
31 0 164
28 0 164
25 0 165
22 0 166
19 0 167
16 0 168
13 0 168
10 -1 169
7 -1 170
4 -1 171
1 -2 171
-1 -2 172
-4 -2 173
-6 -3 174
-9 -3 174
-11 -4 175
-14 -4 175
-16 -5 176
-18 -5 177
-19 -5 177
-20 -5 178
-22 -5 178
-22 -5 178
-23 -5 178
-24 -5 178
-24 -5 178
-25 -5 178
-25 -5 178
-25 -4 177
-25 -4 177
-25 -4 177
-25 -4 177
-25 -4 176
-25 -4 176
-24 -4 176
-24 -3 176
-24 -3 176
-24 -3 176
-23 -3 176
-23 -3 176
-23 -3 176
-23 -3 176
-22 -3 176
-21 -3 176
-21 -3 175
-20 -2 175
-18 -2 174
-17 -2 174
-16 -2 174
-14 -2 173
-13 -2 173
-11 -1 172
-9 -1 172
-7 -1 172
-6 -1 171
-4 -1 171
-2 -1 170
0 -1 170
1 -1 169
3 -1 169
6 -1 168
8 -1 168
10 -1 167
12 -1 166
15 -2 165
17 -2 165
19 -2 164
21 -2 163
23 -3 162
26 -3 162
28 -3 161
30 -3 160
32 -4 160
34 -4 159
36 -5 158
38 -5 157
40 -6 156
42 -6 155
44 -7 154
46 -8 153
48 -8 151
50 -9 150
52 -10 148
54 -11 147
56 -12 145
58 -13 143
60 -14 142
61 -16 140
63 -17 138
64 -19 137
65 -20 135
66 -22 133
68 -23 131
69 -25 129
70 -26 127
71 -27 126
71 -28 125
72 -29 124
73 -30 123
74 -31 122
74 -31 122
75 -30 122
75 -30 123
76 -29 124
76 -28 124
77 -27 125
77 -26 126
78 -26 126
78 -25 127
79 -25 127
79 -25 127
79 -25 127
79 -25 127
79 -24 128
79 -23 128
79 -23 129
79 -22 129
79 -22 129
79 -22 129
79 -22 129
79 -22 129
79 -22 129
79 -22 129
79 -22 129
79 -22 129
79 -21 130
78 -20 131
78 -18 133
78 -17 134
77 -15 136
77 -14 138
76 -12 139
75 -11 141
74 -9 143
73 -8 145
71 -6 146
70 -5 148
68 -4 150
66 -3 151
65 -2 153
63 -1 154
60 0 156
58 0 157
56 0 158
54 1 159
52 1 160
49 1 161
47 1 162
45 1 162
43 2 163
40 2 164
38 2 164
36 2 165
34 1 166
32 1 166
29 1 167
27 1 168
25 1 168
22 1 169
20 1 170
18 0 171
15 0 171
12 0 172
10 0 173
7 0 174
5 0 175
2 -1 176
0 -1 176
-2 -2 177
-4 -2 178
-6 -2 178
-8 -3 179
-10 -3 179
-12 -3 -179
-13 -3 -179
-14 -3 -179
-15 -3 -179
-16 -3 -179
-16 -3 -179
-17 -3 -179
-18 -3 179
-18 -3 179
-19 -3 179
-19 -2 179
-19 -2 179
-20 -2 178
-20 -2 178
-20 -2 178
-20 -2 177
-20 -1 177
-20 -1 177
-20 -1 177
-19 -1 176
-19 -1 176
-19 -1 176
-19 -1 176
-19 -1 175
-18 0 175
-18 0 175
-18 0 175
-18 0 175
-18 0 175
-17 0 174
-17 0 174
-17 0 174
-17 1 174
-17 1 174
-16 1 173
-16 1 173
-15 1 173
-15 2 173
-14 2 172
-13 2 172
-12 2 172
-11 2 172
-9 2 172
-8 2 171
-6 2 171
-4 2 171
-2 2 170
0 2 170
1 3 169
3 3 169
6 3 168
8 3 168
11 3 167
13 2 167
16 2 166
18 2 166
21 2 165
23 1 164
26 1 163
28 0 163
31 0 162
33 0 161
36 0 160
38 -1 159
40 -1 158
43 -2 157
45 -2 156
47 -3 155
50 -4 154
52 -5 152
54 -6 151
56 -7 149
58 -8 148
60 -9 146
62 -11 144
64 -12 142
66 -14 140
68 -16 137
70 -19 134
72 -22 131
73 -26 126
75 -31 121
76 -37 115
77 -43 108
78 -50 101
79 -58 94
79 -65 87
80 -71 79
80 -79 72
81 -86 64
81 -94 56
81 -101 48
80 -108 41
80 -114 35
79 -119 30
78 -123 26
78 -126 23
77 -128 21
77 -130 18
77 -132 17
77 -134 15
77 -136 13
77 -137 12
78 -138 11
78 -139 10
78 -140 9
79 -141 9
79 -141 8
79 -142 8
79 -142 8
80 -142 8
80 -142 8
80 -142 8
80 -142 9
80 -141 9
80 -140 10
81 -139 11
81 -138 12
81 -137 14
81 -135 15
82 -133 17
82 -131 19
82 -128 22
82 -125 25
83 -121 29
83 -116 35
84 -108 42
84 -98 53
85 -83 68
85 -65 86
84 -47 104
83 -33 118
82 -23 129
80 -16 136
78 -12 141
76 -8 145
74 -6 147
72 -4 150
69 -3 151
67 -1 153
65 -1 154
63 0 155
61 0 156
59 0 157
57 1 157
55 1 158
53 1 159
51 2 160
49 2 160
47 3 161
45 3 162
42 3 162
40 3 163
38 3 163
35 4 164
33 4 165
30 4 165
27 4 166
25 4 167
22 4 168
19 4 168
17 4 169
14 4 169
12 4 170
9 4 171
7 4 171
5 4 172
2 4 172
0 4 173
-1 3 173
-4 3 174
-6 3 174
-8 2 175
-10 2 175
-13 2 176
-15 1 176
-17 1 177
-19 0 177
-21 0 178
-23 0 178
-24 0 179
-26 0 179
-27 -1 179
-28 -1 -179
-28 -1 -179
-29 -1 -179
-29 -1 -179
-29 -1 179
-29 -1 179
-29 -1 179
-29 0 179
-29 0 179
-28 0 178
-28 0 178
-27 0 178
-26 0 177
-25 0 177
-24 1 176
-23 1 176
-22 1 176
-21 2 175
-19 2 175
-18 2 174
-16 2 174
-15 3 173
-13 3 173
-12 3 172
-10 4 172
-9 4 171
-7 4 171
-6 4 170
-4 4 170
-2 4 169
0 4 169
0 4 168
2 5 168
4 5 167
6 5 167
8 5 167
10 5 166
12 5 165
14 5 165
16 5 164
18 5 164
20 5 163
22 5 163
24 5 162
26 4 161
28 4 161
29 4 160
31 4 160
33 4 159
35 4 159
36 3 158
38 3 157
40 3 156
42 2 156
44 2 155
46 1 153
48 1 152
50 0 151
53 0 150
55 -1 148
57 -2 147
59 -2 146
61 -3 144
63 -4 143
65 -5 142
67 -5 141
68 -6 140
70 -7 139
71 -9 137
73 -11 135
74 -13 132
76 -17 128
77 -22 124
78 -27 118
80 -34 111
81 -41 104
81 -49 95
82 -57 88
82 -64 81
83 -69 75
83 -73 71
83 -76 67
83 -79 65
83 -80 64
83 -81 63
83 -82 62
83 -83 61
83 -84 60
83 -84 60
83 -85 59
83 -85 59
83 -86 59
83 -86 59
83 -86 59
83 -85 59
83 -85 60
83 -84 60
83 -84 61
83 -83 61
83 -82 62
83 -81 63
83 -78 66
83 -75 69
83 -71 73
83 -67 77
83 -63 82
83 -57 87
83 -52 93
83 -45 100
82 -38 107
82 -31 113
81 -25 120
80 -19 126
79 -14 131
78 -10 136
76 -6 139
75 -3 142
73 -1 145
71 0 147
69 2 149
67 3 151
65 4 153
63 5 154
60 6 155
58 7 156
55 7 157
53 8 158
50 8 159
47 9 160
45 9 161
42 9 161
39 9 162
36 9 163
33 9 163
30 9 164
27 9 165
24 9 165
20 9 166
17 9 167
13 9 167
10 8 168
6 8 168
2 8 168
0 7 169
-4 7 169
-7 6 169
-10 5 170
-12 5 170
-14 4 170
-16 4 171
-18 3 171
-19 3 171
-20 2 171
-21 2 171
-22 2 171
-22 1 171
-23 1 171
-23 0 171
-23 0 171
-23 0 171
-23 0 171
-22 0 171
-22 0 171
-21 0 171
-21 0 171
-20 0 170
-19 0 170
-18 0 170
-17 0 169
-16 0 169
-15 0 169
-15 0 168
-14 0 168
-13 0 168
-12 0 168
-11 0 167
-9 0 167
-8 0 166
-6 0 166
-4 0 165
-2 0 165
0 0 164
2 0 164
4 0 163
7 0 162
9 0 162
12 0 161
15 0 160
17 0 159
20 0 158
23 0 157
25 0 156
28 0 155
30 -1 154
32 -1 154
35 -2 153
37 -3 152
39 -3 151
41 -4 150
43 -5 149
45 -5 147
47 -6 146
49 -7 145
51 -7 143
54 -8 142
56 -8 141
58 -9 139
60 -10 138
62 -11 136
64 -12 135
65 -13 133
66 -14 131
67 -15 130
68 -16 128
69 -17 127
70 -18 126
70 -19 125
71 -19 125
71 -19 125
72 -19 125
72 -18 126
72 -17 127
73 -16 128
73 -15 129
74 -14 130
74 -12 132
75 -10 134
75 -8 136
76 -4 140
76 0 144
76 4 149
77 9 154
77 14 158
77 19 163
78 22 166
78 26 170
78 30 173
78 34 177
78 39 -177
77 44 -172
77 50 -167
76 54 -162
75 58 -159
74 61 -156
73 64 -153
73 66 -151
72 68 -150
72 70 -148
71 72 -146
71 74 -144
70 76 -142
70 78 -140
69 80 -139
67 81 -137
66 83 -136
64 84 -135
63 84 -135
62 85 -134
60 86 -133
59 87 -133
58 88 -132
58 89 -131
57 89 -131
56 90 -130
55 90 -130
54 91 -130
52 91 -130
51 92 -130
50 92 -129
49 92 -129
47 93 -129
46 93 -129
45 94 -128
43 95 -128
42 95 -128
41 96 -127
40 96 -127
38 96 -127
37 97 -127
35 97 -127
34 98 -127
32 98 -127
31 98 -127
29 99 -127
27 99 -127
26 100 -127
24 101 -127
23 102 -127
22 102 -127
21 103 -126
19 104 -126
18 105 -126
17 106 -125
16 106 -125
14 107 -125
13 108 -125
12 108 -124
10 109 -124
9 109 -124
8 109 -125
7 109 -125
6 109 -125
5 109 -125
3 110 -126
2 110 -126
1 110 -126
0 110 -126
0 110 -126
-1 111 -126
-3 111 -126
-4 111 -126
-5 111 -126
-6 111 -126
-7 111 -126
-8 111 -126
-9 112 -126
-10 112 -126
-11 112 -126
-12 112 -126
-13 112 -126
-14 112 -126
-15 113 -126
-16 113 -127
-17 113 -127
-18 113 -127
-19 114 -127
-20 114 -127
-21 115 -128
-22 115 -128
-23 115 -128
-24 116 -128
-25 116 -128
-26 116 -128
-27 117 -128
-29 117 -128
-30 117 -128
-31 118 -129
-32 118 -129
-33 118 -129
-35 119 -129
-36 119 -129
-37 120 -129
-38 120 -129
-40 120 -129
-41 121 -129
-42 121 -129
-43 121 -129
-44 122 -129
-46 122 -130
-47 123 -130
-48 123 -130
-49 124 -130
-50 124 -130
-52 125 -131
-53 125 -131
-54 126 -131
-56 127 -132
-57 127 -132
-58 128 -133
-59 128 -133
-60 129 -134
-61 130 -134
-62 130 -135
-63 131 -135
-64 132 -136
-65 133 -137
-66 134 -137
-66 135 -138
-67 135 -139
-68 136 -139
-69 137 -140
-70 138 -140
-71 139 -141
-71 139 -142
-72 140 -143
-73 142 -144
-74 143 -145
-74 145 -147
-75 148 -149
-76 150 -152
-76 153 -155
-77 156 -157
-78 159 -160
-78 162 -163
-79 164 -166
-79 167 -168
-79 169 -170
-80 171 -172
-80 173 -174
-80 174 -175
-81 175 -175
-81 176 -176
-81 177 -177
-81 178 -178
-81 179 -179
-82 -179 179
-82 -177 178
-82 -176 177
-82 -174 175
-83 -173 174
-83 -171 172
-84 -168 170
-84 -166 167
-84 -163 165
-84 -160 162
-84 -156 158
-85 -153 154
-85 -148 150
-85 -144 146
-85 -140 142
-85 -136 138
-85 -132 135
-85 -129 131
-85 -125 128
-85 -122 125
-85 -120 122
-85 -118 121
-85 -116 119
-85 -114 117
-85 -112 115
-85 -110 113
-85 -107 111
-85 -105 108
-85 -102 105
-85 -99 102
-85 -96 100
-85 -94 98
-85 -94 98
-85 -94 98
-85 -94 99
-84 -95 100
-84 -96 101
-84 -97 101
-84 -96 101
-84 -95 100
-84 -94 99
-84 -92 97
-84 -89 94
-84 -87 92
-83 -85 90
-83 -83 88
-83 -81 87
-83 -79 85
-83 -77 83
-82 -74 80
-82 -71 77
-82 -67 74
-82 -63 70
-82 -58 65
-82 -53 59
-82 -47 54
-82 -41 48
-81 -36 42
-81 -31 37
-80 -27 33
-80 -24 29
-79 -21 26
-78 -19 24
-78 -17 22
-77 -16 21
-77 -15 20
-76 -14 19
-75 -14 18
-75 -13 17
-74 -12 15
-73 -10 14
-72 -9 12
-71 -7 10
-70 -5 8
-69 -4 7
-67 -3 5
-66 -2 4
-65 -1 3
-64 0 3
-63 0 2
-62 0 1
-61 1 1
-60 1 0
-58 2 0
-56 3 -1
-55 4 -2
-53 5 -3
-51 6 -3
-49 6 -4
-47 7 -5
-46 7 -5
-45 8 -5
-43 8 -5
-42 8 -5
-41 8 -5
-39 8 -5
-38 8 -5
-36 8 -6
-35 8 -6
-34 8 -6
-33 8 -6
-32 8 -6
-30 8 -6
-29 9 -6
-28 9 -6
-26 9 -6
-25 9 -6
-23 9 -6
-21 9 -6
-20 9 -6
-18 9 -6
-17 9 -6
-15 9 -6
-14 9 -6
-12 9 -6
-10 10 -6
-9 10 -6
-8 9 -6
-6 9 -6
-5 9 -7
-4 9 -7
-3 9 -7
-1 9 -7
0 9 -8
0 9 -8
2 9 -8
3 9 -9
5 9 -9
6 9 -9
7 9 -9
9 9 -9
10 9 -9
12 8 -10
13 8 -10
15 8 -10
17 8 -11
18 8 -12
20 8 -12
22 8 -13
24 8 -13
25 8 -13
27 8 -13
28 8 -13
30 8 -13
31 7 -13
32 7 -14
33 7 -14
34 7 -14
35 6 -15
36 6 -15
37 6 -16
38 5 -16
39 5 -17
40 4 -17
41 4 -18
42 3 -18
42 2 -19
43 2 -20
44 1 -20
45 0 -21
45 0 -22
46 0 -23
47 -1 -23
48 -1 -24
48 -2 -25
49 -3 -25
50 -3 -26
51 -4 -27
52 -5 -28
53 -5 -28
54 -6 -29
55 -7 -30
55 -7 -31
56 -8 -32
57 -9 -33
58 -10 -34
59 -10 -35
60 -11 -36
61 -12 -37
62 -14 -38
63 -15 -40
64 -16 -41
65 -17 -42
65 -19 -43
66 -20 -44
66 -21 -46
67 -22 -47
67 -24 -48
68 -25 -50
68 -27 -51
69 -28 -52
69 -29 -54
70 -30 -55
70 -31 -56
70 -32 -56
71 -32 -57
71 -33 -57
71 -33 -57
71 -34 -57
71 -34 -58
71 -35 -59
71 -36 -60
72 -37 -61
72 -38 -62
72 -39 -63
73 -40 -65
73 -41 -66
74 -42 -66
74 -43 -67
74 -43 -67
74 -43 -67
74 -43 -67
74 -44 -67
74 -44 -68
74 -45 -69
75 -46 -69
75 -47 -70
75 -48 -71
75 -48 -71
76 -47 -71
76 -46 -69
76 -43 -67
75 -40 -63
75 -35 -58
74 -30 -53
73 -25 -47
71 -20 -42
69 -16 -37
67 -12 -33
65 -9 -29
62 -6 -26
60 -4 -23
57 -2 -21
55 -1 -19
52 0 -17
50 0 -16
48 1 -15
46 2 -14
44 2 -13
42 2 -12
40 2 -12
38 2 -12
36 2 -11
34 2 -11
32 2 -11
30 2 -10
28 2 -10
26 2 -10
24 2 -9
22 2 -9
20 2 -8
18 2 -8
16 2 -7
14 2 -7
12 2 -6
10 2 -6
8 2 -6
6 2 -5
4 1 -5
2 1 -4
0 1 -3
-1 1 -3
-3 1 -2
-5 0 -2
-7 0 -1
-9 0 -1
-10 0 -1
-12 0 0
-14 0 0
-15 0 0
-17 -1 0
-19 -1 0
-20 -2 1
-22 -2 1
-24 -3 2
-25 -3 2
-27 -4 3
-28 -4 3
-29 -5 4
-30 -5 4
-31 -5 4
-32 -6 5
-32 -6 5
-33 -6 5
-33 -7 5
-34 -7 5
-34 -7 5
-34 -7 6
-35 -8 6
-35 -8 6
-35 -8 6
-35 -8 6
-36 -8 5
-36 -8 5
-35 -8 5
-35 -8 5
-35 -8 4
-35 -8 4
-34 -7 4
-34 -7 3
-33 -7 3
-33 -7 3
-33 -6 2
-32 -6 2
-32 -5 1
-31 -5 0
-30 -4 0
-29 -4 -1
-28 -3 -2
-26 -2 -3
-25 -2 -4
-23 -1 -5
-22 -1 -5
-20 0 -6
-19 0 -6
-18 0 -7
-16 0 -8
-14 0 -8
-13 0 -9
-11 0 -9
-9 0 -10
-7 0 -10
-6 0 -11
-4 0 -11
-2 1 -12
0 1 -12
1 1 -12
3 1 -13
4 1 -13
6 1 -14
8 1 -14
10 1 -14
12 2 -15
13 2 -15
15 2 -16
17 2 -16
19 2 -17
20 2 -17
22 2 -18
24 1 -18
26 1 -19
29 1 -20
31 1 -20
33 0 -21
35 0 -22
38 0 -23
40 0 -24
43 -1 -25
45 -1 -26
48 -2 -27
50 -3 -28
52 -4 -29
55 -5 -31
57 -6 -33
59 -8 -35
61 -10 -37
64 -12 -39
66 -14 -42
67 -17 -45
69 -20 -48
71 -24 -52
72 -28 -56
74 -32 -60
75 -36 -64
76 -40 -68
76 -44 -72
77 -47 -75
78 -49 -77
78 -51 -79
78 -52 -81
79 -54 -82
79 -55 -83
80 -56 -85
80 -58 -86
80 -58 -87
81 -59 -88
81 -59 -88
81 -59 -87
81 -57 -86
82 -55 -85
82 -53 -82
82 -50 -79
82 -47 -76
82 -44 -74
82 -41 -71
82 -38 -68
82 -36 -67
82 -35 -65
82 -34 -64
81 -32 -63
81 -31 -61
81 -29 -60
81 -27 -57
81 -24 -54
80 -20 -51
80 -17 -47
79 -14 -44
78 -12 -41
77 -9 -39
76 -8 -37
76 -6 -36
75 -5 -35
74 -4 -34
72 -3 -33
71 -3 -32
70 -2 -31
69 -1 -30
68 -1 -29
67 0 -28
65 0 -28
64 0 -27
62 0 -26
60 1 -25
58 2 -24
56 2 -23
54 3 -22
52 3 -21
50 4 -20
47 4 -20
45 5 -19
43 5 -18
40 5 -17
38 5 -16
35 5 -16
32 5 -15
30 5 -14
27 5 -13
24 5 -12
21 5 -12
19 5 -11
16 4 -10
13 4 -9
11 4 -8
8 3 -7
5 3 -7
2 2 -6
0 2 -5
-2 1 -4
-4 0 -3
-6 0 -3
-9 0 -2
-11 0 -1
-13 -1 -1
-15 -1 0
-17 -2 0
-19 -2 0
-20 -3 0
-22 -4 1
-24 -4 2
-25 -5 2
-27 -5 3
-28 -6 4
-29 -6 4
-31 -6 4
-32 -6 4
-33 -7 4
-34 -7 4
-36 -7 5
-37 -8 5
-38 -8 5
-39 -9 6
-40 -10 7
-40 -10 7
-41 -11 8
-41 -11 8
-42 -11 8
-42 -11 8
-42 -11 7
-41 -11 7
-41 -10 6
-41 -10 6
-40 -9 5
-39 -9 4
-39 -8 4
-38 -7 3
-37 -7 3
-37 -7 2
-36 -6 2
-35 -5 1
-34 -5 1
-33 -4 0
-32 -4 0
-31 -3 0
-30 -3 0
-29 -2 -1
-27 -1 -2
-26 -1 -2
-24 0 -3
-23 0 -3
-21 0 -4
-19 0 -5
-17 1 -5
-15 1 -6
-14 1 -6
-12 2 -7
-10 2 -7
-8 2 -8
-5 3 -9
-3 3 -9
-1 3 -10
1 3 -11
3 3 -11
6 3 -12
8 3 -13
11 3 -13
14 3 -14
16 3 -15
19 3 -16
22 3 -16
24 2 -17
27 2 -18
29 2 -19
32 1 -20
34 1 -21
37 1 -22
40 0 -23
42 0 -25
45 -1 -26
48 -2 -28
51 -3 -30
54 -4 -32
57 -6 -34
60 -8 -37
63 -11 -40
65 -14 -43
68 -18 -47
70 -23 -52
72 -28 -57
74 -34 -63
75 -40 -69
77 -46 -75
78 -52 -81
79 -58 -87
80 -63 -93
80 -68 -98
80 -73 -103
81 -77 -107
81 -80 -111
81 -84 -114
81 -86 -116
80 -88 -118
80 -89 -119
80 -90 -120
80 -90 -120
80 -90 -120
80 -90 -120
81 -89 -119
81 -87 -117
81 -85 -115
81 -82 -112
81 -79 -109
81 -75 -105
81 -70 -100
81 -65 -95
81 -60 -90
80 -53 -83
80 -46 -76
79 -39 -68
78 -32 -61
76 -26 -55
75 -21 -49
73 -16 -44
71 -12 -40
69 -10 -37
66 -7 -34
64 -6 -32
62 -4 -30
60 -3 -28
57 -2 -27
55 -1 -26
53 0 -25
51 0 -24
49 0 -23
47 0 -23
46 0 -22
44 1 -21
42 1 -21
40 1 -20
38 1 -20
36 1 -19
34 2 -18
32 2 -18
29 2 -17
27 2 -16
25 2 -15
22 2 -15
20 2 -14
17 2 -13
14 2 -12
12 2 -12
9 1 -11
7 1 -10
5 1 -10
2 0 -9
0 0 -8
-1 0 -8
-3 0 -7
-5 0 -6
-7 0 -6
-9 0 -5
-11 0 -5
-13 0 -4
-15 -1 -4
-17 -1 -3
-19 -1 -3
-21 -1 -2
-23 -2 -2
-25 -2 -1
-27 -3 -1
-28 -3 0
-29 -4 0
-31 -4 0
-32 -4 0
-33 -5 0
-34 -5 0
-34 -5 0
-35 -5 0
-35 -4 0
-35 -4 0
-34 -3 0
-33 -3 -1
-33 -2 -2
-32 -2 -2
-30 -1 -3
-29 0 -4
-27 0 -5
-25 0 -6
-23 1 -6
-21 2 -7
-19 3 -8
-17 4 -9
-14 4 -9
-12 5 -10
-9 5 -11
-6 6 -11
-4 6 -12
-1 7 -12
1 7 -13
3 7 -13
6 7 -14
8 7 -14
10 7 -15
12 7 -15
15 7 -16
17 7 -16
19 7 -16
21 7 -17
23 7 -17
25 7 -17
27 6 -18
28 6 -18
30 6 -19
32 6 -20
34 6 -20
35 5 -21
37 5 -22
38 5 -22
40 4 -23
41 4 -23
43 4 -24
44 3 -24
46 3 -25
47 2 -26
49 2 -26
50 1 -27
51 1 -28
53 0 -29
54 0 -31
56 -1 -32
57 -1 -33
59 -2 -34
60 -3 -35
62 -4 -37
63 -5 -38
64 -7 -40
66 -8 -42
67 -10 -44
68 -12 -46
70 -13 -48
71 -15 -50
72 -16 -51
73 -18 -53
74 -20 -56
75 -22 -58
76 -25 -61
77 -28 -64
77 -31 -68
78 -35 -71
79 -38 -75
79 -42 -79
80 -46 -83
80 -50 -87
80 -53 -91
81 -57 -94
81 -59 -97
81 -61 -98
81 -62 -99
81 -62 -99
81 -62 -99
81 -61 -98
81 -60 -97
81 -59 -96
81 -58 -95
81 -58 -95
81 -58 -95
81 -58 -95
81 -58 -94
81 -57 -94
81 -56 -92
80 -54 -90
80 -52 -88
80 -49 -85
80 -46 -82
79 -43 -79
79 -40 -76
78 -37 -73
78 -34 -69
77 -30 -65
76 -26 -61
75 -22 -57
73 -18 -53
72 -15 -49
70 -11 -45
67 -8 -42
65 -6 -39
62 -4 -36
59 -2 -34
56 -1 -32
53 0 -30
50 1 -29
47 2 -27
44 3 -26
41 3 -24
38 4 -23
35 4 -22
32 4 -21
29 4 -21
26 4 -20
23 4 -19
20 4 -18
17 4 -17
14 4 -17
11 4 -16
8 4 -15
5 4 -14
2 3 -13
0 3 -13
-2 3 -12
-5 2 -11
-7 2 -10
-9 2 -9
-12 2 -9
-14 1 -8
-16 1 -7
-18 1 -7
-20 1 -6
-22 1 -6
-24 1 -5
-26 1 -5
-28 0 -4
-29 0 -3
-31 0 -3
-32 0 -2
-33 -1 -1
-34 -1 -1
-35 -2 -1
-36 -2 0
-36 -2 0
-37 -2 0
-37 -2 0
-37 -2 0
-38 -2 0
-38 -2 0
-38 -2 0
-38 -2 0
-38 -2 0
-38 -1 -1
-38 -1 -1
-38 -1 -1
-37 -1 -2
-37 -1 -2
-36 0 -3
-35 0 -3
-34 0 -4
-33 0 -4
-32 0 -5
-31 1 -5
-30 1 -6
-29 1 -6
-28 1 -7
-27 1 -7
-26 1 -8
-25 1 -9
-23 1 -9
-22 1 -10
-20 1 -11
-18 1 -11
-16 1 -12
-14 1 -13
-12 1 -13
-10 1 -14
-8 1 -15
-6 1 -16
-4 1 -17
-3 1 -17
-1 1 -18
0 1 -19
2 0 -19
4 0 -20
6 0 -21
7 0 -21
9 0 -22
11 0 -23
13 0 -24
15 -1 -25
18 -1 -26
20 -1 -27
22 -2 -28
25 -2 -30
28 -3 -31
30 -4 -33
33 -4 -34
36 -5 -36
39 -7 -38
42 -8 -40
45 -10 -43
48 -12 -46
50 -14 -49
53 -16 -52
55 -19 -55
57 -22 -58
59 -25 -62
60 -28 -65
62 -31 -68
63 -34 -71
65 -36 -74
66 -38 -76
67 -40 -78
68 -41 -80
68 -43 -82
69 -45 -84
69 -46 -85
69 -48 -87
69 -49 -88
69 -51 -90
69 -53 -92
69 -54 -93
70 -55 -95
70 -57 -96
70 -58 -97
70 -58 -98
70 -59 -99
70 -59 -99
70 -58 -99
71 -58 -99
71 -58 -98
71 -57 -98
71 -57 -97
71 -56 -97
71 -56 -96
71 -55 -96
71 -54 -95
71 -53 -94
71 -52 -92
71 -50 -91
71 -48 -89
70 -46 -87
70 -44 -85
70 -42 -83
69 -40 -80
69 -38 -78
68 -36 -76
68 -34 -74
67 -33 -72
67 -32 -71
66 -31 -70
66 -30 -69
66 -29 -69
66 -28 -68
65 -28 -67
65 -27 -66
64 -26 -65
64 -24 -63
63 -23 -62
62 -21 -60
61 -20 -58
59 -19 -57
58 -18 -55
57 -17 -54
57 -17 -54
56 -17 -53
56 -16 -53
56 -16 -52
56 -16 -52
56 -16 -52
56 -16 -52
56 -16 -52
56 -16 -52
57 -16 -52
57 -16 -51
57 -16 -51
57 -15 -50
57 -15 -50
58 -14 -48
58 -12 -47
58 -11 -45
59 -9 -44
59 -7 -42
60 -6 -40
60 -4 -39
60 -3 -37
61 -1 -36
61 0 -34
62 2 -32
62 4 -30
63 7 -27
63 10 -24
63 13 -21
63 15 -18
63 18 -15
63 21 -12
63 23 -9
63 26 -7
63 29 -4
62 31 -2
62 33 0
62 35 2
62 38 4
62 40 6
61 42 9
61 44 11
60 46 13
60 48 15
59 50 17
59 52 19
58 54 21
58 55 22
57 57 24
57 59 26
56 60 27
55 62 29
54 64 30
53 65 31
52 67 33
51 69 35
50 71 36
49 72 38
48 73 39
47 74 40
47 75 41
46 76 41
45 76 42
43 77 42
42 77 42
41 78 43
40 79 44
39 81 45
38 82 46
37 83 47
36 84 48
34 85 49
33 86 50
32 87 50
31 88 51
30 89 51
29 89 51
28 90 52
27 91 52
26 91 53
24 92 53
23 92 54
22 93 54
21 93 54
20 93 54
19 93 54
18 94 54
17 94 54
16 94 54
15 95 54
14 95 54
12 96 55
11 96 55
10 96 55
9 97 55
7 97 55
6 97 55
5 97 55
4 98 55
3 98 55
2 98 55
1 98 54
0 98 54
0 98 54
-1 99 54
-3 99 54
-4 99 54
-5 99 53
-6 99 53
-7 99 53
-8 100 53
-9 100 53
-10 100 53
-11 100 53
-12 100 53
-13 100 52
-14 100 52
-15 101 52
-16 101 52
-17 101 52
-18 101 52
-19 101 52
-20 101 52
-21 102 52
-22 102 52
-23 102 52
-24 102 52
-25 102 52
-26 103 52
-27 103 52
-28 103 52
-29 103 52
-29 103 52
-30 103 52
-31 103 52
-32 103 52
-33 103 52
-33 103 52
-34 103 52
-35 103 52
-35 103 52
-36 103 52
-37 103 52
-37 103 52
-38 103 52
-39 103 52
-39 103 51
-40 103 51
-40 103 51
-41 103 51
-41 103 51
-42 103 51
-43 103 51
-43 103 51
-44 103 52
-45 103 52
-45 103 52
-46 103 52
-47 103 52
-47 103 52
-48 103 52
-49 103 53
-49 103 53
-50 103 53
-50 103 53
-51 103 54
-51 102 54
-52 102 54
-52 102 54
-53 102 54
-53 102 55
-54 102 55
-54 102 55
-55 102 56
-55 102 56
-56 101 56
-56 101 57
-57 100 57
-58 100 58
-58 100 58
-59 99 59
-59 99 59
-60 99 60
-60 99 60
-61 98 60
-61 98 61
-62 98 61
-62 97 62
-63 97 63
-63 96 63
-64 95 64
-64 95 65
-64 94 66
-65 93 67
-65 93 68
-65 92 68
-66 92 69
-66 91 69
-66 91 70
-67 90 71
-67 89 72
-68 88 73
-68 87 75
-68 86 76
-69 84 77
-69 83 79
-70 82 80
-70 81 82
-71 80 83
-71 78 85
-71 77 86
-72 76 88
-72 74 89
-72 73 91
-73 71 93
-73 70 94
-73 68 96
-74 67 98
-74 65 99
-74 63 101
-74 61 103
-74 59 105
-75 57 108
-75 55 110
-75 53 112
-75 51 114
-75 48 116
-75 46 118
-76 44 120
-76 42 122
-76 40 124
-76 39 125
-76 37 127
-76 36 128
-76 35 129
-76 33 131
-75 32 133
-75 30 134
-75 29 135
-75 28 137
-75 27 138
-74 26 139
-74 25 140
-74 24 142
-74 23 143
-73 21 144
-73 20 146
-73 19 147
-73 18 148
-72 18 149
-72 17 150
-71 17 150
-71 16 151
-70 16 151
-70 16 152
-70 15 152
-69 15 153
-69 14 154
-69 13 155
-68 12 155
-68 12 156
-67 11 157
-67 10 158
-66 9 159
-66 8 159
-65 8 160
-65 7 161
-64 7 161
-63 6 161
-63 6 162
-62 6 162
-61 5 163
-61 5 163
-60 5 163
-59 5 163
-58 4 164
-57 4 164
-56 4 164
-55 4 164
-54 4 164
-53 4 164
-52 4 164
-51 4 164
-50 4 164
-49 4 164
-47 4 164
-46 4 164
-45 4 164
-44 4 164
-43 4 164
-41 4 163
-40 5 163
-39 5 163
-37 5 163
-36 5 162
-34 6 162
-33 6 162
-31 6 162
-29 6 162
-28 6 162
-27 6 162
-25 6 162
-24 6 162
-22 6 162
-21 6 162
-19 6 162
-18 6 162
-16 6 161
-15 6 161
-13 6 161
-11 6 161
-10 6 161
-8 6 161
-7 6 161
-5 5 161
-4 5 161
-2 5 161
-1 5 160
0 5 160
2 5 160
3 5 160
5 5 159
6 5 159
8 5 159
10 5 158
12 5 158
14 5 157
16 5 157
18 5 157
20 5 156
22 5 156
24 5 155
26 5 155
28 5 155
29 4 154
31 4 154
33 4 153
34 4 153
36 3 153
37 3 152
38 3 152
40 2 151
41 1 151
42 1 150
43 0 149
44 0 149
45 0 148
46 -1 147
47 -2 147
48 -2 146
49 -3 145
50 -4 145
51 -4 144
52 -5 143
53 -6 142
54 -7 141
54 -8 140
55 -9 139
56 -10 138
56 -11 137
57 -12 136
58 -12 135
58 -13 134
59 -14 134
59 -14 133
60 -15 132
61 -16 131
61 -17 130
62 -18 129
62 -19 127
63 -20 126
63 -21 124
64 -23 123
64 -24 121
64 -26 120
65 -27 118
65 -28 117
65 -29 116
65 -30 114
65 -32 113
66 -33 112
66 -34 111
66 -35 110
66 -35 109
66 -36 108
65 -37 108
65 -38 107
65 -38 107
65 -39 106
65 -40 106
65 -40 106
65 -41 105
65 -41 105
65 -42 104
65 -42 104
65 -43 104
66 -43 103
66 -43 103
66 -43 103
66 -43 104
66 -43 104
67 -43 104
67 -42 105
67 -42 105
67 -42 105
67 -41 106
67 -41 106
67 -41 106
68 -40 107
68 -40 107
68 -40 107
68 -40 108
69 -40 108
69 -40 108
69 -40 109
69 -39 109
69 -39 110
69 -39 110
69 -39 110
69 -39 110
70 -40 110
70 -40 109
70 -41 109
70 -42 108
70 -43 107
70 -44 107
70 -44 106
70 -45 106
70 -45 106
70 -45 106
70 -44 107
70 -44 108
70 -43 108
70 -43 109
70 -42 110
69 -41 111
69 -40 113
68 -40 114
68 -39 115
67 -38 115
67 -38 116
67 -37 117
66 -36 118
66 -35 120
66 -33 122
65 -32 124
65 -30 126
64 -28 128
63 -27 130
62 -25 131
61 -25 133
60 -24 134
59 -23 135
58 -23 135
57 -22 136
57 -22 138
56 -20 139
55 -19 141
53 -18 142
52 -17 144
51 -16 146
49 -15 148
47 -14 149
45 -13 151
43 -12 153
41 -11 154
38 -10 156
36 -10 157
34 -9 159
32 -8 160
29 -8 162
27 -7 163
24 -7 165
21 -6 166
18 -6 168
15 -6 169
12 -6 171
9 -6 173
6 -6 174
3 -6 176
0 -6 177
-2 -6 179
-5 -6 -179
-7 -6 -178
-10 -7 -177
-12 -7 -175
-14 -7 -175
-16 -7 -174
-18 -7 -173
-20 -8 -172
-21 -8 -172
-22 -8 -171
-24 -8 -170
-25 -8 -170
-26 -9 -169
-27 -9 -169
-28 -9 -169
-29 -9 -169
-30 -9 -169
-31 -9 -169
-31 -9 -169
-31 -9 -169
-32 -9 -169
-32 -9 -170
-32 -9 -170
-32 -9 -170
-32 -8 -170
-32 -8 -171
-32 -7 -171
-32 -7 -171
-32 -7 -172
-31 -6 -172
-31 -6 -172
-30 -5 -173
-30 -5 -173
-30 -5 -174
-29 -4 -174
-28 -4 -175
-27 -4 -175
-27 -3 -176
-26 -3 -177
-24 -3 -178
-23 -3 -178
-22 -3 -179
-21 -3 -179
-21 -2 179
-20 -2 179
-19 -2 178
-18 -2 178
-18 -2 177
-17 -2 177
-15 -2 176
-14 -2 175
-12 -2 175
-11 -2 174
-9 -2 173
-7 -1 172
-5 -1 171
-2 -1 170
0 -1 170
1 -1 169
4 -1 168
6 0 167
8 0 166
11 0 166
13 0 165
16 0 164
18 0 163
21 0 163
23 0 162
26 0 161
28 -1 160
31 -1 158
33 -2 157
36 -2 156
38 -3 155
41 -4 153
43 -5 152
46 -6 150
49 -7 148
51 -9 146
54 -11 144
56 -13 141
58 -15 139
61 -17 136
63 -19 133
64 -21 130
66 -24 128
67 -26 125
68 -27 123
69 -29 122
70 -30 120
70 -31 119
71 -32 119
71 -32 118
71 -33 118
71 -33 118
71 -33 118
72 -33 118
72 -33 119
72 -32 119
73 -32 120
73 -31 120
73 -31 121
73 -30 122
73 -29 123
74 -28 124
74 -26 126
74 -25 127
74 -23 129
74 -22 130
75 -20 132
75 -19 133
75 -17 135
75 -16 136
75 -14 137
75 -13 139
74 -12 140
74 -11 140
74 -11 141
74 -11 141
74 -11 141
74 -11 141
74 -11 141
74 -11 141
73 -11 141
73 -11 142
73 -11 142
73 -11 141
73 -11 141
73 -12 141
73 -12 141
73 -12 141
73 -12 141
73 -11 141
73 -11 142
73 -10 143
73 -9 144
73 -8 145
72 -7 146
72 -6 147
71 -5 147
71 -5 148
70 -4 149
69 -3 150
69 -2 151
68 -1 152
67 0 154
66 0 155
65 0 156
64 1 156
63 2 157
62 2 158
60 3 159
58 3 160
57 4 161
55 4 162
53 5 163
50 5 164
48 5 164
46 6 165
43 6 166
40 6 167
38 6 167
35 6 168
32 6 169
29 6 169
25 6 170
22 5 171
19 5 172
15 5 172
12 4 173
9 4 174
5 3 175
2 3 176
-1 2 177
-4 2 178
-7 1 179
-10 0 -179
-13 0 -178
-16 0 -178
-19 -1 -177
-21 -2 -176
-23 -3 -176
-25 -3 -175
-26 -4 -175
-28 -5 -174
-29 -6 -174
-30 -6 -173
-30 -7 -173
-31 -7 -173
-32 -7 -174
-32 -7 -174
-32 -7 -174
-33 -7 -174
-33 -7 -175
-33 -7 -175
-33 -7 -175
-34 -7 -175
-34 -7 -175
-34 -7 -175
-34 -6 -176
-33 -6 -176
-33 -6 -176
-33 -6 -176
-33 -6 -177
-33 -6 -177
-33 -6 -177
-33 -5 -178
-33 -5 -178
-33 -5 -178
-32 -5 -178
-32 -5 -178
-32 -5 -178
-32 -5 -178
-31 -6 -179
-31 -6 -179
-30 -5 -179
-29 -5 179
-28 -5 179
-27 -4 178
-26 -4 177
-24 -4 176
-23 -3 175
-21 -2 175
-19 -2 174
-17 -2 173
-15 -1 172
-12 -1 171
-10 0 170
-8 0 170
-5 0 169
-3 0 168
0 0 167
1 0 167
3 0 166
6 0 165
8 0 165
10 0 164
13 0 164
15 0 163
18 0 162
20 0 162
23 0 161
25 0 161
28 -1 160
30 -1 159
33 -1 158
36 -2 157
39 -2 156
42 -3 155
45 -3 153
48 -4 152
50 -5 150
54 -7 148
57 -8 145
60 -11 143
62 -13 140
65 -16 136
67 -19 133
69 -22 130
71 -24 127
72 -27 124
73 -28 123
73 -28 123
73 -27 124
73 -26 126
73 -24 127
72 -23 129
72 -22 131
72 -21 132
72 -20 133
72 -19 133
72 -19 133
72 -19 133
72 -19 134
72 -19 134
73 -18 134
73 -18 134
73 -17 135
73 -17 135
73 -16 136
73 -16 136
73 -15 137
73 -15 137
73 -15 138
73 -14 138
73 -14 139
73 -13 139
73 -13 140
73 -13 140
73 -13 140
73 -13 141
73 -13 141
73 -12 141
73 -12 141
72 -12 142
72 -11 143
71 -10 144
71 -9 145
70 -8 147
69 -6 149
68 -5 150
67 -4 151
66 -4 152
65 -3 153
64 -3 154
63 -2 155
62 -2 155
60 -1 156
59 -1 157
57 0 158
55 0 159
53 0 160
51 1 160
49 1 161
47 2 162
44 2 163
42 2 164
40 2 165
37 3 166
34 3 166
32 3 167
29 3 168
27 3 169
24 3 169
21 3 170
18 2 171
16 2 171
13 2 172
10 2 173
7 1 174
4 1 174
1 1 175
0 0 176
-3 0 177
-6 0 178
-9 0 179
-11 -1 179
-14 -2 -179
-16 -2 -178
-19 -3 -177
-21 -4 -177
-23 -4 -176
-25 -5 -175
-26 -5 -175
-27 -6 -175
-29 -6 -174
-30 -7 -174
-31 -7 -174
-31 -7 -175
-32 -7 -175
-33 -7 -175
-33 -7 -176
-34 -7 -176
-34 -7 -176
-34 -7 -177
-34 -7 -177
-34 -7 -177
-34 -6 -177
-34 -6 -178
-33 -6 -178
-33 -5 -178
-33 -5 -179
-33 -4 -179
-32 -4 179
-32 -4 179
-32 -4 179
-32 -4 179
-32 -4 179
-31 -4 179
-31 -4 179
-31 -3 178
-31 -3 178
-31 -3 178
-30 -3 178
-30 -3 178
-29 -3 177
-29 -2 177
-28 -2 176
-27 -2 176
-26 -2 176
-26 -1 175
-25 -1 175
-24 -1 174
-23 0 174
-22 0 174
-20 0 173
-19 0 173
-18 0 172
-16 0 172
-15 0 171
-13 0 171
-11 0 170
-9 1 170
-8 1 170
-6 1 169
-4 1 169
-2 1 168
0 1 168
1 1 167
3 1 167
5 2 166
7 2 165
10 2 165
12 2 164
14 2 163
16 2 163
19 1 162
21 1 161
24 1 160
26 1 159
29 1 158
32 0 157
34 0 156
37 0 154
40 -1 153
43 -2 151
45 -3 150
48 -4 148
51 -6 145
54 -8 143
57 -10 139
60 -13 136
63 -16 132
65 -20 127
67 -24 123
69 -28 119
70 -31 115
71 -34 112
72 -36 109
73 -37 108
73 -38 107
73 -38 107
73 -38 107
74 -38 107
74 -38 107
74 -39 107
74 -39 106
74 -39 106
75 -40 105
75 -40 105
75 -40 105
75 -41 105
75 -41 105
75 -40 105
75 -40 105
75 -40 106
76 -39 107
76 -38 108
76 -38 109
76 -37 109
76 -36 110
76 -36 111
76 -35 112
76 -34 113
76 -33 114
75 -32 115
75 -31 117
75 -29 119
74 -28 120
74 -26 122
73 -25 124
73 -23 126
72 -22 127
71 -21 128
71 -20 129
70 -19 130
70 -19 131
69 -18 131
69 -17 132
68 -17 133
67 -16 134
66 -15 135
65 -14 137
64 -12 138
63 -11 140
62 -10 141
60 -9 143
59 -8 144
57 -7 145
55 -6 146
54 -6 148
52 -5 149
50 -5 150
48 -4 151
46 -4 151
45 -3 152
43 -3 153
41 -2 153
40 -2 154
38 -2 155
36 -2 155
34 -1 156
32 -1 157
29 -1 158
27 -1 159
24 -1 160
21 0 161
18 0 162
14 0 163
10 0 164
6 -1 166
2 -1 167
-1 -2 168
-5 -2 170
-9 -3 171
-14 -4 173
-17 -5 175
-21 -7 177
-24 -8 178
-27 -9 -179
-30 -10 -178
-32 -12 -177
-34 -12 -176
-35 -13 -176
-37 -14 -176
-37 -14 -176
-38 -14 -176
-38 -14 -176
-38 -14 -177
-38 -13 -177
-37 -13 -177
-37 -13 -178
-36 -12 -178
-36 -12 -178
-35 -11 -179
-34 -11 -179
-34 -10 179
-33 -10 179
-32 -10 178
-32 -10 178
-31 -10 178
-31 -10 178
-31 -10 178
-30 -10 178
-30 -10 178
-30 -10 178
-30 -10 178
-30 -10 177
-30 -10 177
-30 -10 177
-29 -10 177
-29 -9 177
-29 -9 176
-29 -9 176
-29 -9 176
-28 -9 176
-28 -9 176
-28 -8 176
-28 -8 175
-27 -8 175
-27 -8 175
-26 -8 175
-26 -7 175
-25 -7 175
-25 -7 174
-24 -7 174
-23 -6 174
-22 -6 174
-21 -6 174
-20 -6 173
-19 -5 173
-18 -5 173
-17 -5 173
-16 -5 173
-15 -5 173
-14 -4 172
-13 -4 172
-12 -4 172
-11 -4 172
-10 -4 172
-9 -4 171
-7 -3 171
-6 -3 171
-4 -3 171
-3 -2 170
-1 -2 170
0 -2 170
2 -1 169
4 -1 169
6 0 168
9 0 168
11 0 167
14 0 166
17 0 166
19 0 165
22 1 165
25 1 164
28 1 163
31 1 163
34 2 162
37 2 162
40 2 162
43 3 161
46 3 161
49 3 161
51 4 161
54 4 161
56 5 161
58 5 161
60 6 161
61 6 161
62 7 162
63 8 162
64 8 163
64 9 163
64 10 164
65 10 165
65 11 165
64 11 166
64 11 166
64 11 167
64 11 167
63 11 167
63 11 167
62 11 168
62 11 168
61 11 168
60 11 168
60 11 168
59 11 168
59 10 168
59 10 168
59 10 167
58 9 167
58 9 167
58 8 167
58 8 166
57 7 166
57 7 165
57 6 164
56 5 164
56 4 163
55 3 163
55 3 162
54 2 161
53 1 161
52 0 160
52 0 159
51 -1 158
50 -2 158
50 -3 157
49 -4 156
49 -5 155
48 -6 154
48 -7 153
47 -8 152
47 -10 151
46 -11 150
46 -13 148
45 -14 147
45 -15 146
44 -17 145
44 -18 143
44 -20 142
43 -21 141
43 -23 139
43 -24 138
42 -25 136
42 -27 135
42 -28 134
42 -29 133
41 -30 132
41 -31 130
41 -33 129
41 -34 128
40 -35 127
40 -36 126
39 -37 125
39 -38 123
39 -39 122
39 -40 121
38 -41 120
38 -42 119
38 -43 118
37 -44 117
37 -44 116
36 -45 115
36 -46 114
35 -47 113
35 -48 112
35 -49 112
35 -49 111
34 -50 111
34 -50 110
34 -50 110
34 -50 110
33 -50 110
33 -50 109
33 -50 109
32 -50 109
32 -49 108
32 -49 107
31 -50 106
31 -50 106
31 -50 105
30 -51 104
29 -51 103
28 -51 103
28 -52 103
27 -52 102
26 -53 102
25 -53 102
24 -53 102
23 -54 101
22 -54 101
21 -54 101
20 -54 100
19 -55 100
18 -55 99
17 -55 99
17 -55 98
16 -55 98
16 -55 97
15 -55 97
15 -55 96
15 -55 96
15 -55 95
14 -55 95
14 -55 95
14 -55 94
13 -56 94
12 -56 94
12 -56 94
11 -56 93
11 -56 93
11 -56 93
11 -55 92
11 -55 92
12 -55 92
12 -55 92
12 -55 92
12 -56 92
12 -56 92
12 -56 92
12 -57 92
12 -57 92
12 -57 92
13 -58 92
13 -58 92
13 -58 91
12 -58 91
12 -58 91
12 -58 91
12 -58 90
12 -58 90
12 -58 90
12 -58 90
12 -58 89
12 -58 89
12 -59 89
12 -59 89
11 -59 88
11 -59 88
11 -59 88
11 -59 88
11 -59 88
12 -60 87
12 -60 87
12 -60 87
12 -60 87
12 -61 86
12 -61 86
12 -61 86
12 -62 85
12 -62 85
12 -62 85
12 -62 85
12 -62 85
13 -62 85
13 -62 84
13 -62 84
13 -62 84
13 -62 84
13 -62 84
13 -62 84
13 -62 84
13 -62 84
13 -62 84
13 -62 84
13 -62 84
13 -62 84
13 -62 83
13 -62 83
13 -62 83
13 -63 84
13 -62 84
13 -62 84
13 -62 84
13 -62 84
13 -62 84
13 -63 84
13 -63 84
13 -63 84
12 -63 84
12 -63 84
12 -63 84
12 -63 84
13 -63 84
13 -63 84
13 -63 84
13 -63 84
13 -63 84
13 -63 84
13 -63 84
13 -63 84
13 -63 83
13 -63 83
13 -64 83
13 -64 83
13 -64 83
13 -64 83
13 -64 83
13 -63 84
13 -63 84
12 -63 84
12 -63 84
12 -63 84
12 -63 84
12 -63 84
12 -63 84
12 -63 84
12 -63 84
12 -63 84
12 -63 84
12 -63 84
12 -63 84
12 -63 84
12 -63 84
12 -63 84
12 -63 84
12 -63 85
12 -63 85
12 -63 85
11 -63 85
11 -63 85
11 -63 85
11 -63 85
11 -63 85
11 -63 85
11 -63 85
11 -63 85
11 -63 85
11 -63 85
11 -63 85
11 -63 85
11 -63 85
11 -63 85
11 -63 85
11 -63 86
11 -63 86
11 -63 86
11 -63 86
11 -63 86
11 -63 85
11 -63 85
11 -63 85
11 -63 85
11 -63 85
11 -63 85
11 -63 85
11 -63 85
11 -64 85
11 -64 85
11 -64 85
11 -64 84
11 -64 84
11 -64 84
11 -64 84
11 -64 84
11 -64 84
10 -64 84
10 -64 84
10 -64 84
10 -64 84
10 -64 84
10 -64 84
10 -64 84
10 -64 84
10 -65 84
9 -65 84
9 -65 84
9 -65 84
9 -65 84
9 -65 83
9 -65 83
9 -65 83
8 -65 83
8 -65 83
8 -66 83
8 -66 83
8 -66 82
8 -66 82
8 -66 82
8 -66 82
8 -67 82
7 -67 81
7 -67 81
7 -67 81
7 -68 81
7 -68 80
7 -68 80
7 -68 80
7 -69 80
7 -69 79
7 -69 79
7 -69 79
7 -69 79
6 -69 79
6 -69 79
6 -69 79
6 -69 79
6 -70 79
6 -70 79
6 -70 79
6 -70 79
6 -70 79
6 -70 79
5 -70 79
5 -70 79
5 -70 78
5 -70 78
5 -70 78
5 -70 78
5 -70 78
5 -70 78
5 -70 78
5 -70 78
5 -70 78
5 -70 78
5 -70 78
5 -70 78
5 -70 78
5 -71 78
5 -71 77
5 -71 77
5 -71 77
5 -71 77
5 -71 77
5 -71 77
5 -71 77
5 -71 77
5 -71 77
5 -71 77
5 -71 77
5 -71 77
5 -71 78
5 -71 78
5 -71 78
5 -72 78
5 -72 78
5 -72 78
5 -72 78
4 -72 78
4 -72 78
4 -72 78
4 -72 78
4 -72 78
4 -72 78
4 -72 78
4 -72 78
4 -72 78
4 -72 78
4 -72 78
4 -72 79
4 -72 79
4 -73 79
4 -73 79
4 -73 79
4 -73 78
4 -73 78
3 -73 78
3 -73 78
