5 106 6
-2 -149 8
-2 -107 5
0 178 5
0 147 5
0 -179 5
0 -157 5
1 -169 6
1 176 5
1 179 6
0 -174 6
0 -174 6
0 -177 7
0 -177 7
0 -174 8
0 -173 9
0 -175 10
1 -176 11
1 -176 12
0 -177 13
0 -177 15
0 -176 18
1 -175 20
2 -175 20
1 -176 20
0 -177 19
0 -176 20
1 -175 21
1 -175 21
0 -176 21
0 -176 20
0 -176 20
0 -176 20
1 -176 21
0 -176 22
0 -175 22
0 -175 22
0 -177 22
1 -178 23
1 -177 24
1 -175 24
0 -174 25
0 -175 25
0 -176 26
1 -177 27
1 -176 28
0 -176 28
0 -176 29
0 -176 29
0 -176 29
0 -177 28
1 -176 28
1 -175 27
0 -177 26
1 -177 26
1 -177 27
0 -176 27
0 -175 27
0 -175 26
0 -176 26
0 -176 25
0 -176 25
1 -177 25
1 -176 25
1 -176 25
0 -176 25
0 -176 24
1 -176 24
1 -177 24
0 -176 24
0 -176 24
0 -176 25
0 -176 26
0 -175 26
0 -176 26
0 -176 26
1 -176 27
0 -176 27
0 -176 27
1 -176 28
0 -177 29
0 -176 29
0 -176 29
0 -176 29
0 -176 30
0 -176 30
0 -176 30
0 -177 30
0 -177 31
1 -176 32
0 -176 32
0 -177 32
0 -177 33
0 -176 33
0 -175 33
0 -177 33
1 -178 33
1 -177 34
0 -176 34
0 -175 34
0 -177 35
1 -177 35
0 -177 35
0 -176 36
0 -176 37
1 -177 38
2 -177 38
0 -177 39
0 -176 39
0 -176 40
0 -176 41
1 -176 41
1 -177 41
1 -177 41
0 -177 42
0 -176 43
0 -176 43
0 -176 43
0 -176 44
0 -176 45
0 -176 46
1 -178 46
1 -177 47
0 -176 47
0 -176 47
0 -176 46
0 -176 46
0 -176 47
0 -177 47
0 -176 48
0 -176 48
0 -177 48
0 -177 48
0 -176 48
0 -177 48
0 -176 48
1 -176 48
1 -175 49
1 -176 50
0 -176 51
0 -176 51
0 -176 51
0 -176 50
0 -176 50
0 -176 50
0 -176 50
0 -176 50
0 -176 50
0 -176 50
0 -176 50
0 -176 51
0 -176 52
0 -175 52
0 -176 52
0 -177 50
0 -177 49
0 -177 47
0 -177 46
0 -177 45
0 -176 45
0 -176 45
0 -176 45
1 -177 45
0 -177 46
0 -176 47
0 -176 47
0 -177 47
1 -178 48
0 -176 48
0 -176 49
0 -176 49
0 -176 50
1 -177 50
1 -176 50
0 -176 50
0 -177 49
0 -177 49
0 -177 48
0 -177 48
0 -177 49
0 -177 49
0 -176 49
0 -177 49
0 -177 49
0 -176 50
0 -176 50
0 -177 50
0 -177 50
1 -177 50
0 -176 50
0 -176 50
0 -177 50
0 -177 50
1 -176 50
1 -176 51
0 -177 51
0 -177 51
0 -176 50
0 -176 49
-1 -176 46
-3 -175 42
-2 -174 37
2 -173 31
4 -170 17
2 -162 -9
0 -163 -55
-3 -172 -117
0 -178 166
5 170 67
0 173 -58
6 172 155
0 169 0
7 170 -162
1 163 32
7 164 -133
5 154 60
11 153 -100
19 133 101
39 118 -48
60 82 145
77 -12 -83
-28 -93 83
0 9 -68
-42 -146 -141
-8 35 -61
47 -34 142
-53 -170 87
14 50 172
3 -134 -61
-29 25 -177
11 -170 170
-28 -20 162
3 164 62
5 -63 150
-46 -175 -53
84 109 -42
30 -87 -117
43 117 -110
37 -43 -117
25 132 -147
30 -14 -119
13 150 -176
17 6 -116
6 171 176
7 20 -108
9 -173 -162
0 29 -89
17 -163 -134
-13 36 -66
35 -148 -82
-31 53 -43
52 -98 -24
-31 94 -49
34 -58 -1
-16 122 -60
18 -38 -2
-8 139 -75
9 -27 -10
-2 150 -83
2 -19 -16
3 159 -74
-2 -12 -15
6 166 -62
-5 -6 -11
9 173 -51
-8 0 -5
12 178 -39
-12 5 1
15 -175 -27
-16 10 6
18 -169 -8
-18 16 11
20 -161 11
-18 24 17
19 -152 21
-17 33 19
18 -142 29
-14 43 19
14 -131 34
-11 53 19
11 -121 39
-8 63 20
9 -111 44
-6 73 21
7 -100 50
-4 84 23
4 -89 56
-1 95 27
1 -77 63
1 108 30
-3 -64 73
6 120 35
-8 -51 81
11 133 49
-12 -39 84
13 144 65
-13 -28 87
13 153 84
-13 -19 90
12 161 103
-11 -12 94
10 168 122
-10 -6 98
9 174 138
-8 -1 101
8 179 155
-6 3 105
6 -176 173
-3 8 110
2 -172 -168
1 10 116
-4 -171 -152
10 10 124
-15 -174 -137
20 7 132
-24 -173 -131
25 13 138
-25 -161 -133
25 27 136
-27 -147 -133
30 40 132
-35 -135 -131
35 56 144
-36 -114 -143
35 75 164
-39 -96 -154
42 90 168
-52 -81 -169
56 109 170
-63 -52 163
61 141 -162
-59 -19 137
52 164 -135
-47 -5 130
42 174 -115
-37 1 132
32 179 -97
-26 3 142
22 179 -82
-16 2 156
14 -179 -67
-9 4 166
8 -175 -54
-4 8 167
5 -172 -64
-1 11 157
1 -169 -77
2 13 146
-2 -168 -89
6 14 138
-7 -167 -104
10 16 133
-13 -164 -92
16 21 141
-19 -160 -75
23 25 154
-26 -155 -63
30 31 170
-35 -149 -56
38 39 -173
-44 -142 -54
47 47 -164
-56 -136 -53
59 57 -158
-69 -127 -58
70 77 -141
-80 -87 -97
76 126 -97
-78 12 168
71 -173 -41
-65 34 160
59 -161 -21
-54 31 175
49 -159 -6
-44 31 -171
40 -158 7
-35 29 -163
32 -161 24
-25 22 -157
23 -168 34
-17 15 -152
16 -171 35
-11 12 -151
11 -172 17
-6 12 -158
7 -171 3
-2 13 -168
3 -171 -10
1 13 -176
-2 -171 8
7 13 -166
-8 -171 21
13 14 -152
-14 -170 33
19 16 -140
-21 -170 45
27 16 -133
-29 -171 55
36 15 -132
-39 -177 60
47 12 -137
-50 173 62
60 7 -146
-61 153 72
73 -16 -179
-62 113 102
73 -85 106
-55 81 129
66 -126 72
-50 56 157
56 -151 58
-43 36 -176
45 -165 57
-34 23 -157
33 -170 63
-23 18 -150
23 -171 68
-14 14 -149
15 -172 63
-8 11 -150
9 -173 45
-2 11 -159
4 -173 29
2 11 -171
0 -174 14
7 10 178
-6 -176 -2
12 10 174
-12 -177 12
19 10 -177
-20 -178 28
27 10 -167
-28 179 44
37 10 -157
-37 173 62
48 6 -151
-47 162 79
60 -1 -153
-55 142 104
72 -25 -169
-59 114 135
77 -85 137
-55 85 167
67 -128 102
-47 64 -169
54 -143 98
-36 50 -154
42 -150 102
-26 40 -144
31 -155 109
-17 32 -137
22 -159 118
-9 26 -132
15 -164 128
-4 18 -127
11 -171 136
-4 8 -122
10 -179 140
-4 0 -120
11 174 156
-4 -5 -114
9 171 165
0 -5 -109
1 172 177
10 -5 -113
-5 171 -162
18 -9 -113
-10 166 -140
22 -16 -110
-12 159 -117
25 -26 -106
-13 149 -96
26 -40 -101
-10 134 -81
25 -55 -96
-4 120 -72
19 -69 -92
-1 109 -68
15 -78 -91
2 99 -62
12 -89 -90
5 89 -58
8 -99 -87
9 78 -55
4 -110 -83
13 67 -55
0 -121 -78
16 55 -57
-3 -131 -72
19 43 -59
-7 -141 -65
21 32 -57
-9 -150 -49
20 22 -54
-7 -154 -27
17 17 -47
-4 -157 -5
16 12 -39
-3 -160 15
15 6 -33
-3 -165 36
11 1 -28
-1 -171 48
6 -2 -27
1 -176 48
2 -6 -29
4 179 37
0 -9 -34
8 175 21
-4 -12 -41
13 171 7
-8 -18 -47
18 165 11
-9 -26 -45
21 157 16
-12 -35 -38
27 148 21
-14 -44 -28
32 137 22
-17 -55 -16
36 126 23
-19 -66 -6
40 112 22
-22 -78 2
45 97 16
-25 -91 12
47 78 4
-27 -105 22
45 59 -7
-26 -118 32
41 43 -17
-24 -131 40
36 30 -23
-22 -142 48
30 21 -27
-18 -151 56
24 14 -28
-14 -158 63
19 9 -28
-11 -163 72
13 5 -26
-7 -167 81
9 2 -25
-4 -171 90
5 0 -22
-1 -173 102
1 -1 -19
0 -175 116
-1 -3 -15
4 -176 129
-5 -4 -12
8 -176 136
-10 -6 -9
13 -176 142
-15 -8 -7
19 -176 148
-22 -10 -5
24 -176 150
-26 -12 -2
32 -175 156
-34 -15 0
41 -172 163
-44 -19 6
51 -168 173
-54 -26 13
62 -158 -172
-65 -37 26
72 -134 -144
-75 -66 57
74 -84 -92
-75 -123 116
66 -48 -54
-67 -156 153
