0 3 0
2 1 0
-1 3 0
0 1 0
0 5 0
1 1 0
0 4 0
1 2 0
-1 4 1
1 1 1
-2 2 1
1 2 1
-1 1 2
1 2 2
-1 2 2
1 1 2
0 4 2
0 1 2
1 4 2
1 1 2
4 2 2
1 3 2
-1 0 2
0 1 2
-1 4 2
1 3 2
-2 3 2
1 2 2
-2 3 2
1 3 2
-2 1 2
1 2 2
-1 1 2
1 2 2
-2 3 2
1 2 2
2 5 2
0 2 2
2 0 2
0 2 2
-3 4 3
0 2 3
-2 4 3
0 2 3
2 4 3
0 2 3
0 0 3
0 2 3
3 1 3
0 3 3
0 0 3
1 3 3
-2 2 3
0 1 3
0 4 3
1 1 3
-1 3 3
0 0 3
1 3 3
0 1 3
1 3 3
-1 2 3
2 3 3
0 0 3
0 2 3
3 2 3
0 2 3
2 4 3
0 1 3
3 1 3
0 2 4
3 5 4
0 2 3
-2 2 4
0 3 4
-2 2 4
0 2 4
0 5 4
0 2 4
1 4 4
0 1 4
0 5 4
1 2 4
-3 6 4
-2 6 4
0 2 4
2 2 4
0 4 4
0 0 4
0 4 4
1 0 4
0 4 4
0 0 4
0 3 4
0 0 4
0 4 4
0 0 4
0 4 4
0 0 4
0 3 4
2 4 4
0 2 4
-2 3 4
1 3 4
0 5 4
0 2 4
-1 4 4
0 2 4
1 5 4
0 3 4
2 2 4
0 3 4
1 5 4
0 2 4
0 6 4
1 2 4
-1 4 4
1 2 4
0 -1 4
0 2 4
1 4 4
0 2 4
1 4 5
0 2 4
3 4 5
1 3 5
-2 3 5
0 2 5
-2 2 5
0 2 5
2 5 5
0 2 5
-2 4 5
0 3 5
1 0 5
0 2 5
-3 5 5
0 3 5
0 0 5
0 3 5
-1 1 5
0 3 5
-1 1 5
1 3 5
-1 0 5
2 4 5
0 2 5
-3 2 5
0 2 5
3 3 5
0 2 5
-3 3 5
0 3 5
3 2 5
0 2 5
-3 2 5
0 3 5
1 0 5
0 2 5
2 4 6
0 2 6
2 3 6
0 3 6
2 2 6
0 2 6
1 9 6
0 8 6
0 5 6
0 2 6
1 5 6
0 2 6
2 3 6
0 1 6
-1 4 6
1 2 6
-1 1 6
0 3 6
-1 1 6
1 3 6
-1 1 6
0 4 6
0 1 6
0 4 6
0 1 6
-1 3 6
2 4 6
-1 0 6
0 1 6
2 3 6
-1 2 6
2 2 6
-1 2 6
2 2 6
0 3 7
0 0 7
0 3 7
-1 1 7
1 3 7
0 0 7
0 3 7
0 0 7
0 3 7
2 1 7
0 2 7
2 3 7
-1 1 7
0 3 7
-3 3 7
0 5 6
-4 6 3
-9 7 -3
-13 10 -16
-11 7 -31
-6 1 -41
-2 -4 -49
-8 -1 -54
-9 -1 -63
-5 -1 -70
-9 -2 -72
-6 -2 -74
-9 1 -75
-6 2 -77
-4 8 -79
-4 10 -80
-7 22 -84
-13 33 -88
-12 39 -90
-10 43 -91
-10 51 -93
-6 50 -92
-4 54 -93
0 45 -91
4 40 -92
5 24 -94
5 11 -95
3 0 -97
0 -2 -97
-4 -9 -97
-1 -11 -97
-2 -11 -96
-3 -7 -94
-5 0 -93
-4 2 -91
-6 16 -91
-6 21 -91
-3 48 -89
-3 49 -89
-2 60 -88
-1 60 -88
3 63 -88
7 56 -88
9 47 -88
12 41 -90
13 26 -95
14 12 -100
11 3 -104
12 -3 -105
7 -5 -105
1 -5 -103
-2 -5 -101
-2 2 -99
-3 10 -97
-4 19 -95
-4 21 -94
-7 32 -92
-6 39 -91
-8 49 -89
-5 58 -87
-3 60 -87
0 64 -85
3 59 -85
6 59 -84
8 50 -84
11 42 -84
11 30 -82
10 20 -79
10 11 -76
8 8 -72
7 6 -70
11 5 -70
7 4 -69
10 6 -67
12 7 -63
12 4 -55
10 2 -39
5 -1 -20
1 -8 6
0 -10 16
2 -9 32
3 -7 50
3 -5 58
0 -4 64
3 -6 71
0 -8 75
0 -10 79
0 -14 80
4 -4 81
9 4 83
9 13 86
5 25 91
5 34 94
5 41 97
5 43 99
7 41 100
9 28 97
14 14 94
13 -5 91
8 -17 88
5 -21 88
0 -22 88
1 -20 88
3 -14 89
4 -4 90
6 2 91
4 13 93
6 21 93
5 31 94
7 36 95
2 44 95
-2 44 96
0 40 96
1 38 95
5 24 92
9 17 88
11 1 84
9 -6 83
6 -13 82
3 -18 82
2 -17 82
6 -19 80
10 -17 82
8 -9 85
5 -2 88
6 3 88
7 13 91
9 21 93
10 24 94
4 27 96
0 26 96
-2 28 96
0 25 95
2 27 95
3 21 93
7 22 92
4 19 92
7 14 91
5 11 91
9 8 91
9 10 91
6 8 92
5 11 92
2 12 91
-1 12 87
-5 5 71
-11 -2 44
-16 -4 14
-18 -1 -9
-17 3 -33
-9 0 -57
-1 -4 -73
3 -10 -84
6 -16 -93
2 -17 -96
0 -13 -94
-3 -9 -93
-8 -6 -92
-7 -1 -90
-5 7 -88
-10 16 -89
-14 27 -88
-13 39 -90
-11 42 -91
-6 47 -92
-1 43 -91
3 36 -91
5 23 -91
4 11 -92
0 1 -92
-2 -11 -92
-1 -15 -92
-1 -14 -92
-2 -9 -91
-5 -1 -90
-5 1 -90
-6 13 -92
-10 19 -92
-9 31 -93
-8 35 -92
-5 46 -93
-2 47 -93
0 52 -94
5 49 -92
8 48 -91
9 38 -91
11 26 -93
11 14 -96
11 3 -100
6 -5 -101
1 -11 -101
1 -16 -101
-1 -14 -100
0 -7 -97
-3 3 -94
-7 14 -93
-8 23 -93
-4 27 -94
-1 33 -94
-2 35 -95
-4 38 -95
-4 41 -95
1 46 -94
2 50 -93
7 51 -93
10 45 -95
11 37 -96
13 32 -98
11 23 -99
8 20 -99
4 12 -100
1 5 -100
-3 4 -99
-4 5 -99
-2 6 -98
-2 1 -98
-3 3 -97
-1 0 -97
-1 2 -96
0 4 -96
0 0 -96
2 0 -95
6 0 -91
2 -3 -82
2 -6 -69
0 -9 -55
-1 -11 -37
-7 -7 -19
-6 -6 -1
-3 -9 16
1 -13 32
3 -13 48
5 -12 62
1 -7 69
1 -11 74
0 -10 76
0 -17 75
2 -15 76
0 -11 77
1 -3 78
0 11 79
0 16 80
2 23 81
4 32 82
5 35 84
8 25 80
14 16 77
14 -3 72
13 -18 67
7 -20 66
7 -22 66
2 -22 68
0 -17 71
0 -14 74
-4 -9 77
-5 0 78
-8 6 80
-5 12 81
-5 22 81
-3 26 79
-5 36 80
-9 39 79
-4 39 79
-4 37 78
-2 30 77
3 22 74
7 12 71
9 -1 69
6 -10 68
7 -11 67
4 -17 68
2 -19 68
5 -21 69
5 -18 71
7 -14 74
4 -10 77
-2 -1 80
0 5 82
0 15 84
0 18 83
-5 24 83
-4 32 80
-3 36 79
-7 36 79
-5 37 80
-5 30 79
-2 29 77
1 18 76
4 7 74
0 4 74
3 -1 72
5 -7 72
3 -5 72
6 -6 73
4 -7 73
7 -10 73
4 -9 74
4 -6 73
6 -9 73
4 -5 73
6 -7 73
3 -5 73
5 -8 73
2 -7 73
3 -4 73
2 -7 73
1 -3 73
1 -6 73
0 -3 73
2 -6 73
0 -7 73
0 -4 73
2 -2 73
0 -5 72
0 -1 72
0 -4 72
-3 -2 71
0 0 71
-3 -2 71
-1 0 71
-3 -3 71
-3 0 71
-7 -2 71
-5 -2 71
-1 -1 71
-3 -4 71
-1 -1 71
-5 -1 71
-2 -1 71
-4 1 70
-2 -1 70
-6 -3 70
-2 -2 70
-5 0 70
-3 -2 70
-3 0 70
-2 -2 70
-6 -1 70
