1 2 0
0 5 0
0 8 0
3 10 0
0 11 0
3 10 0
0 11 0
3 11 0
0 9 0
4 12 0
6 8 0
3 9 0
6 8 0
2 9 0
5 7 0
2 9 0
2 5 0
1 8 1
4 9 1
2 7 1
6 7 1
3 8 1
0 9 1
3 8 1
0 10 1
2 7 1
0 10 1
3 8 1
0 9 1
3 8 1
0 9 1
2 7 1
1 10 1
2 6 1
1 9 1
3 7 1
1 9 1
0 6 1
2 8 0
0 11 0
2 8 0
-1 13 0
0 12 0
1 9 0
-1 9 0
1 8 0
3 11 0
2 8 0
0 10 0
2 8 0
0 11 0
2 8 0
0 10 0
2 8 0
0 10 0
2 8 0
0 11 0
1 8 0
0 11 0
1 8 0
0 10 0
2 7 0
0 9 0
3 7 0
0 8 0
4 8 0
0 9 0
-2 9 0
1 9 0
-1 7 0
1 8 0
0 5 0
1 9 0
5 8 0
2 9 0
1 12 1
2 11 1
1 14 1
2 13 1
0 12 2
3 14 2
-1 9 2
0 8 2
0 10 3
0 6 3
-3 4 3
-2 1 4
0 2 4
-1 -1 4
-2 1 5
-5 3 5
-10 0 6
-17 -1 6
-17 -7 6
-18 -10 6
-26 -14 6
-34 -13 6
-37 -20 7
-52 -28 8
-65 -49 11
-73 -72 19
-76 -144 33
-58 173 57
-46 168 89
-25 163 119
-8 157 142
7 155 157
18 154 164
21 150 165
25 148 162
25 147 157
28 139 153
28 135 148
29 133 144
27 138 142
23 137 140
19 136 140
20 141 141
22 145 142
20 143 144
15 142 147
8 143 149
-10 152 151
-17 153 154
-35 156 158
-52 159 162
-60 162 165
-59 159 169
-62 167 172
-65 165 173
-71 160 157
-73 162 101
-77 171 36
-84 174 15
-84 -19 29
-76 -14 40
-65 -12 39
-50 -11 33
-41 -8 25
-30 -7 18
-24 -3 12
-11 -2 9
-8 1 6
-7 5 6
-6 8 6
-3 8 6
-10 9 7
-17 10 7
-31 9 7
-49 11 6
-66 11 3
-82 41 -2
-69 157 -18
-41 161 -49
-15 160 -72
4 156 -51
18 153 1
18 148 59
21 147 106
23 146 139
21 145 157
25 141 165
25 137 165
24 139 162
23 137 157
19 136 152
12 139 149
-1 142 148
-22 145 149
-43 142 153
-65 128 143
-77 73 97
-69 26 37
-58 15 -8
-49 11 -34
-40 8 -42
-34 8 -40
-29 7 -32
-25 4 -22
-18 0 -13
-13 -1 -5
-11 2 0
-12 6 4
-13 9 7
-12 11 7
-13 14 7
-19 15 7
-26 16 6
-39 17 4
-52 25 0
-68 43 -4
-76 90 -15
-64 144 -36
-44 157 -67
-24 161 -101
-3 158 -114
15 157 -81
29 157 -14
31 155 54
32 150 108
30 148 145
30 145 165
26 145 173
29 143 174
26 145 171
22 148 167
24 149 163
13 148 162
6 146 161
-11 146 162
-26 145 147
-45 143 93
-63 135 15
-77 81 -52
-64 19 -92
-47 10 -100
-34 6 -86
-27 8 -63
-24 11 -39
-22 11 -19
-21 11 -5
-14 10 2
-10 4 6
-15 0 6
-17 0 6
-23 -3 4
-26 -3 2
-39 -6 0
-59 -12 0
-87 48 -5
-57 155 -5
-23 158 17
1 159 58
22 156 98
29 147 129
27 143 149
31 140 157
27 141 159
27 138 156
24 140 152
25 138 148
22 137 145
21 135 143
24 137 141
22 136 141
14 136 141
-5 138 143
-34 133 148
-66 108 139
-70 43 99
-54 18 45
-38 11 3
-25 6 -20
-16 3 -29
-13 7 -27
-15 10 -21
-19 10 -14
-20 13 -7
-25 13 -2
-30 15 0
-43 16 0
-60 18 -1
-76 77 -8
-51 147 -28
-31 148 -60
-7 144 -98
13 141 -114
26 139 -83
36 138 -19
35 135 46
35 133 98
33 131 133
34 127 151
29 127 158
25 128 157
22 128 153
15 130 148
1 132 145
-21 133 145
-45 125 131
-64 90 83
-61 46 19
-50 34 -29
-38 33 -56
-30 31 -63
-22 26 -59
-20 23 -48
-21 21 -35
-26 23 -23
-23 19 -15
-25 18 -9
-21 12 -5
-27 9 -4
-36 7 -3
-60 16 -4
-74 89 -12
-50 143 -32
-20 145 -64
7 143 -84
29 141 -59
32 139 -2
37 140 58
37 133 107
43 134 140
44 129 158
42 124 165
37 126 164
30 127 159
19 131 154
-1 135 151
-23 135 151
-52 126 138
-71 48 91
-52 13 32
-40 10 -10
-30 9 -33
-12 2 -41
-7 3 -39
-5 2 -31
-6 4 -21
-8 6 -12
-6 8 -6
-5 10 -2
-9 7 0
-14 7 0
-22 7 0
-38 13 -2
-61 23 -6
-72 90 -17
-57 142 -38
-38 152 -71
-10 153 -90
16 151 -64
38 147 -6
43 142 54
43 135 102
46 129 134
41 128 151
41 124 156
36 125 155
32 125 150
23 127 146
12 129 143
-9 132 143
-43 126 146
-67 101 137
-62 15 98
-45 3 46
-37 0 6
-29 0 -18
-22 0 -29
-17 0 -31
-18 2 -28
-13 2 -22
-12 5 -16
-16 6 -11
-19 5 -8
-28 2 -6
-43 -2 -6
-65 -6 -7
-84 145 -17
-57 163 -27
-27 156 -10
1 150 32
23 148 79
54 138 117
57 135 141
58 121 153
55 115 154
50 118 149
45 122 142
38 127 136
28 133 133
12 137 132
-10 140 135
-37 142 140
-75 131 147
-61 -16 146
-41 -17 121
-35 -14 81
-26 -12 42
-21 -11 10
-15 -9 -9
-15 -6 -21
-14 0 -25
-17 4 -25
-17 7 -24
-21 7 -21
-29 5 -19
-35 -2 -17
-51 -7 -15
-74 -21 -13
-67 171 -1
-25 164 28
14 161 71
50 162 111
53 154 142
54 147 162
50 137 170
43 133 170
35 132 165
26 132 158
14 133 153
7 139 150
-11 137 150
-41 128 152
-69 49 144
-53 11 109
-30 5 58
-23 7 14
-21 7 -16
-20 6 -35
-21 7 -45
-25 9 -49
-30 9 -51
-36 9 -53
-39 9 -55
-42 10 -60
-43 13 -67
-44 14 -76
-43 16 -87
-41 16 -99
-38 15 -112
-34 16 -124
-30 17 -134
-26 15 -143
-23 16 -151
-19 10 -157
-18 8 -161
-17 7 -165
-17 6 -169
-29 8 -171
-51 16 -156
-76 83 -104
-43 147 -38
-2 148 9
35 149 35
29 144 43
39 145 40
42 148 33
46 144 23
47 147 15
47 149 9
40 148 4
24 148 2
8 147 1
-12 148 1
-40 146 2
-55 141 5
-81 81 11
-63 -5 30
-40 -7 46
-31 -8 27
-24 -6 -21
-22 -4 -74
-21 -4 -119
-19 -6 -150
-17 -3 -168
-17 0 -177
-21 2 -179
-24 2 -178
-26 4 -175
-28 4 -172
-37 2 -170
-57 0 -169
-84 36 -153
-60 160 -107
-13 166 -54
13 163 -15
44 163 8
39 155 20
45 157 22
40 159 19
37 157 14
33 154 8
30 157 3
28 155 0
22 154 -3
13 153 -4
-10 153 -4
-36 149 -3
-69 129 1
-68 6 14
-44 -4 45
-33 -5 67
-29 -3 47
-26 -3 -6
-25 -5 -64
-23 -6 -113
-20 -4 -147
-24 -1 -167
-29 0 -176
-35 0 -178
-50 -1 -177
-65 -3 -174
-82 5 -154
-70 153 -103
-39 161 -45
-6 157 -4
21 154 18
42 155 28
42 152 28
45 154 23
44 156 16
48 157 10
45 151 6
41 148 2
30 147 -1
23 148 -4
15 146 -6
-4 145 -6
-28 142 -5
-57 129 -2
-74 46 7
-49 2 32
-31 -4 68
-26 -4 88
-25 -3 63
-29 -1 4
-33 -1 -59
-39 0 -112
-40 1 -149
-43 0 -171
-46 0 -181
-54 -2 -184
-73 0 -182
-75 149 -170
-20 153 -136
-7 152 -89
20 148 -47
42 148 -17
48 144 0
48 140 6
46 135 6
42 132 1
37 132 -4
29 132 -11
19 134 -15
12 135 -17
-4 135 -16
-28 134 -13
-54 125 -7
-75 78 2
-62 11 24
-44 4 57
-30 2 94
-22 1 111
-21 3 79
-22 4 13
-26 6 -55
-35 7 -111
-52 9 -134
-71 21 -101
-78 107 -36
-62 146 18
-39 155 49
-9 156 59
18 156 54
39 158 42
39 156 29
48 154 16
49 157 5
47 152 -2
44 149 -7
42 147 -12
38 145 -16
36 143 -18
27 144 -21
15 143 -21
-2 144 -20
-25 144 -18
-54 137 -12
-77 78 -2
-62 13 19
-43 3 53
-28 0 91
-21 -4 126
-25 -3 152
-26 0 170
-33 0 179
-40 0 184
-54 -3 184
-73 -13 166
-80 -173 115
-48 174 57
-17 177 16
12 175 -8
30 176 -20
28 178 -25
32 -177 -25
32 -173 -22
33 -178 -19
32 178 -17
31 176 -16
28 174 -16
25 173 -18
18 172 -19
1 173 -21
-17 170 -21
-46 167 -20
-74 161 -17
-79 11 -4
-58 1 26
-41 1 68
-30 0 109
-24 0 141
-26 3 163
-26 7 175
-33 9 181
-34 9 182
-34 11 181
-36 13 178
-45 13 175
-65 12 172
-84 163 161
-55 -178 133
-29 -175 92
-5 -174 52
28 -173 21
39 -179 1
41 -179 -10
42 174 -17
42 171 -20
42 166 -22
40 162 -24
39 158 -26
40 157 -28
35 155 -31
22 160 -33
5 162 -33
-20 167 -32
-46 165 -29
-77 158 -25
-78 7 -11
-68 -2 19
-61 -3 62
-59 -2 104
-60 -4 137
-58 1 159
-59 7 172
-58 11 177
-63 15 176
-74 21 172
-82 135 161
-58 167 134
-34 175 96
-18 174 57
0 177 25
30 -178 2
47 -176 -11
52 176 -17
55 169 -20
54 166 -22
53 161 -24
51 157 -26
48 155 -30
43 154 -33
39 152 -36
27 152 -38
7 156 -39
-24 154 -38
-63 146 -35
-72 16 -22
-52 5 7
-46 5 49
-37 1 88
-36 1 121
-39 2 144
-43 0 158
-46 1 166
-53 2 170
-61 1 170
-73 1 168
-82 -3 166
-76 168 156
-45 170 126
-22 167 83
3 164 41
31 162 7
52 158 -16
51 151 -31
52 148 -41
49 143 -47
47 141 -51
44 142 -54
43 140 -55
43 141 -56
40 141 -57
25 142 -56
13 142 -55
-24 143 -52
-65 128 -47
-72 40 -33
-59 13 -7
-51 4 29
-47 0 66
-48 0 98
-47 -2 122
-44 -4 138
-41 -2 147
-42 0 152
-46 -3 154
-54 -6 154
-63 -7 154
-74 -19 154
-82 -155 144
-53 178 110
-22 169 62
9 164 18
24 163 -14
43 161 -35
50 145 -49
50 140 -57
53 131 -63
48 129 -68
44 128 -71
30 133 -73
6 142 -72
-32 145 -68
-76 132 -60
-69 -3 -40
-58 -6 0
-48 -2 33
-39 0 25
-34 1 -15
-28 4 -61
-25 6 -97
-23 7 -119
-24 8 -127
-25 8 -124
-26 8 -114
-28 7 -101
-31 7 -87
-32 7 -75
-34 4 -64
-36 0 -55
-35 -7 -47
-39 -2 -41
-48 -4 -37
-46 -9 -34
-43 -7 -31
-45 -5 -29
-48 -3 -27
-69 0 -26
-88 -21 -25
-62 175 -14
-29 173 17
3 172 59
53 171 99
67 153 128
68 149 144
65 145 150
61 135 147
57 133 140
55 134 132
54 135 125
52 140 120
49 145 118
46 144 119
35 148 120
15 152 123
-11 155 126
-42 157 130
-79 155 133
-73 -17 128
-59 -18 103
-53 -20 63
-51 -19 25
-54 -13 -3
-55 -12 -22
-51 -9 -34
-48 -4 -40
-46 0 -42
-48 1 -43
-53 1 -43
-61 -1 -43
-75 -3 -41
-86 87 -44
-76 166 -44
-51 172 -20
-26 166 22
3 160 66
33 159 102
47 148 125
45 146 138
47 138 141
44 141 139
42 144 134
37 143 129
38 144 125
33 143 121
21 146 119
0 152 118
-28 157 119
-58 161 120
-88 39 111
-66 -8 78
-49 -9 34
-40 -7 -2
-36 -6 -29
-35 -3 -46
-37 -2 -54
-41 -1 -57
-49 -5 -56
-61 -11 -53
-80 -26 -48
-75 -162 -35
-50 -175 -5
-28 176 33
4 174 70
23 171 100
43 171 119
43 167 130
46 159 134
51 163 133
50 159 130
51 165 126
47 163 123
42 159 120
33 158 117
11 160 115
-14 163 114
-45 166 114
-81 177 114
-66 -17 105
-49 -13 77
-36 -9 37
-27 -5 0
-23 0 -30
-16 3 -50
-15 5 -62
-19 5 -67
-25 6 -68
-38 8 -66
-57 7 -64
-84 105 -67
-54 173 -68
-25 171 -44
6 173 1
37 178 48
41 174 86
44 167 112
46 164 126
46 168 132
43 168 132
41 164 129
43 160 125
39 156 120
14 157 115
-24 158 112
-79 27 100
-65 7 66
-37 0 21
-20 -2 -17
-10 -5 -44
-6 -5 -60
-4 0 -67
-10 0 -68
-12 2 -66
-15 1 -63
-36 0 -60
-66 3 -59
-78 141 -48
-46 161 -15
-22 163 30
-8 171 70
1 172 100
-12 175 118
-14 178 126
-20 176 128
-19 175 127
-19 171 124
-21 170 121
-26 169 118
-35 169 116
-51 170 115
-71 171 114
-70 -12 105
-45 -10 76
-23 -10 35
-14 -7 -2
-10 -8 -32
-8 -7 -51
-9 -8 -62
-12 -3 -66
-11 1 -65
-6 3 -63
-3 4 -61
-8 5 -58
-18 4 -56
-44 6 -54
-80 22 -54
-78 154 -47
-75 170 -16
-83 -165 26
-74 -171 64
-69 -169 92
-68 -166 109
-71 -159 117
-72 -160 118
-73 -157 115
-76 -154 111
-79 -126 105
-75 -47 93
-60 -22 71
-45 -13 40
-31 -6 11
-12 -1 -13
-4 -1 -30
2 0 -41
2 1 -46
-1 0 -47
-2 -2 -46
2 -2 -44
4 1 -42
5 4 -39
3 6 -37
0 8 -35
-18 6 -34
-44 4 -33
-69 5 -33
-89 164 -25
-77 178 4
-77 -165 45
-75 -149 81
-67 -155 105
-63 -155 119
-62 -153 125
-63 -155 127
-63 -156 127
-65 -157 125
-65 -160 124
-67 -165 124
-70 -161 124
-79 -129 123
-77 -46 114
-58 -21 91
-38 -13 60
-22 -11 29
-13 -5 3
-5 -6 -15
-2 -8 -26
-2 -3 -31
0 3 -33
0 6 -32
0 9 -29
-1 10 -27
-6 9 -24
-10 10 -22
-18 10 -20
-32 8 -18
-59 10 -17
-87 68 -21
-74 165 -19
-65 169 5
-59 171 50
-54 173 94
-54 176 129
-57 178 152
-60 -179 164
-63 -177 168
-67 -173 167
-73 -162 163
-81 -79 152
-50 -24 129
-30 -15 95
-13 -11 58
-5 -9 26
-2 -4 3
0 -4 -11
0 -3 -18
0 -2 -20
4 -2 -20
8 0 -18
11 4 -15
11 7 -13
6 8 -11
-9 5 -9
-35 3 -7
-62 6 -6
-82 -6 -4
-85 -126 3
-84 -125 25
-84 -140 56
-75 -172 88
-72 -168 119
-72 -163 143
-75 -159 159
-77 -146 167
-78 -149 168
-80 -147 165
-83 -102 158
-75 -38 143
-66 -23 118
-50 -16 87
-32 -13 58
-16 -10 35
3 -13 18
12 -12 8
12 -8 4
17 -8 2
21 -6 3
18 1 5
16 6 8
11 8 10
7 8 13
3 6 16
-1 7 18
-7 6 21
-21 3 22
-42 3 23
-64 -3 24
-67 175 15
-54 174 -12
-37 174 -53
-32 177 -92
-40 179 -122
-46 179 -142
-50 -179 -154
-62 -176 -160
-77 -164 -162
-83 -35 -153
-67 -4 -120
-49 1 -74
-39 8 -34
-31 13 -5
-20 5 12
-10 0 22
-5 -1 26
-3 -1 26
-3 4 26
-4 12 24
-11 14 21
-14 19 19
-9 15 18
-6 7 18
-2 10 20
2 11 23
-1 10 26
-1 7 29
0 8 31
-3 11 33
-5 16 35
-1 18 36
1 19 37
-4 19 38
-1 19 38
1 18 39
3 21 39
0 21 40
2 21 41
-1 23 42
-2 19 43
0 20 45
-2 23 46
