0 0 0
-2 3 0
0 6 0
-3 4 0
-3 7 0
-2 2 0
-3 6 0
-1 4 1
-3 6 1
-1 3 1
-3 5 1
0 2 0
-3 0 0
-1 4 0
0 2 0
-2 -2 0
-3 0 0
0 -1 1
-3 -1 1
0 -1 1
-3 -1 1
0 -3 1
-2 -2 1
0 -4 1
-3 -2 1
0 -4 1
-2 -1 1
-1 -5 1
-2 -1 1
0 -5 0
-2 -2 0
-1 -5 0
-2 -2 1
-1 -5 1
0 -1 1
-3 -2 1
0 -4 1
-3 -2 1
0 -5 1
-1 -2 1
-3 -5 1
-1 -2 1
-4 -4 1
0 -3 1
-3 -3 1
0 -4 1
-2 -2 1
-2 -5 1
0 -2 1
-4 -3 1
0 -3 1
-4 -2 1
0 -3 1
-4 -3 0
-1 -3 0
-4 -5 0
-2 -3 0
-2 0 0
-2 -3 0
-5 -5 0
-2 -3 0
0 -5 0
-1 -2 0
0 -6 0
-2 -3 0
-1 -6 0
-2 -2 0
0 -5 0
-2 -2 0
0 -4 0
-2 -3 0
0 -5 1
-3 -4 1
0 -3 1
-3 -4 1
-5 -1 1
-2 -4 1
0 -5 1
-3 -3 1
0 -3 1
-2 -5 1
-1 -1 1
-1 -5 1
-3 -2 1
-1 -5 1
-2 -1 1
-1 -4 1
-2 -1 1
-3 -4 1
0 -4 1
-3 -4 1
0 -2 1
0 -5 1
-1 -2 1
0 -6 1
-2 -3 1
-5 -5 1
-3 -3 1
0 -4 1
-3 -5 1
0 -4 1
-3 -5 1
0 -2 1
-3 -3 1
0 -4 1
-3 -4 1
0 -4 1
-3 -4 1
0 -2 1
-2 0 1
-6 0 1
-3 0 1
0 0 0
1 -1 0
5 0 0
2 0 0
5 -4 -1
1 -4 -1
-2 -10 -1
-2 -9 -1
-4 -6 -1
-2 -2 -1
-2 -2 -1
2 0 -1
4 0 -1
2 1 -1
5 0 -2
3 1 -2
0 -3 -3
-3 -8 -3
-3 -7 -3
-4 -2 -3
-1 1 -2
0 0 -2
2 0 -2
4 4 -2
6 0 -3
3 3 -3
2 0 -4
1 -6 -4
-2 -6 -4
-3 -4 -4
-4 0 -4
-2 -1 -4
1 -1 -4
1 -1 -4
4 3 -4
8 2 -4
4 1 -4
2 -3 -5
-1 -3 -5
-1 -3 -5
-4 -2 -5
-1 -2 -5
3 -1 -5
0 0 -5
5 2 -5
4 7 -5
5 4 -5
0 3 -5
-3 -4 -5
0 -7 -5
0 -4 -5
3 -3 -5
7 -3 -4
12 -4 -4
12 -5 -2
12 -6 0
18 -6 4
19 -3 11
18 -1 19
18 -2 29
16 -1 41
12 -2 52
9 -3 64
4 -2 76
0 -2 87
-3 -1 98
-3 -4 108
-6 -5 117
-8 -4 125
-10 -5 132
-7 -8 138
-5 -6 144
-7 -9 148
-8 -5 152
-6 -1 155
-3 -3 157
-6 0 159
-9 0 161
-12 0 163
-16 3 165
-13 2 167
-8 0 168
-3 -2 168
1 -6 168
-2 -9 169
-8 -12 169
-9 -9 170
-12 -3 171
-10 -1 172
-7 1 172
-5 2 172
-1 1 172
-2 2 171
0 -4 171
-2 -8 171
-5 -7 172
-9 -6 172
-13 -3 172
-12 3 172
-10 3 172
-8 3 171
-6 6 171
-2 3 170
-4 -1 169
-6 -4 169
-10 -5 169
-7 -6 169
-11 -4 170
-16 -1 170
-13 0 170
-11 0 170
-9 1 170
-7 5 170
-9 3 170
-10 3 170
-8 -3 171
-8 -10 171
-11 -9 172
-13 -4 172
-15 -5 172
-14 0 173
-11 1 172
-8 2 172
-5 4 171
-8 0 171
-13 -7 170
-11 -7 170
-9 -3 171
-12 -2 171
-10 -4 171
-7 -5 171
-4 -6 172
-2 -2 173
-6 -3 174
-9 -6 175
-12 -6 175
-14 -10 173
-16 -11 169
-13 -11 165
-14 -10 160
-18 -12 155
-15 -12 150
-11 -10 146
-6 -11 142
-6 -14 138
-8 -18 133
-10 -19 127
-9 -22 119
-8 -23 111
-2 -24 103
0 -16 96
1 -13 89
1 -12 83
0 -13 77
1 -17 71
5 -20 65
9 -17 60
9 -14 55
9 -15 50
11 -12 45
17 -11 41
18 -14 37
15 -14 33
9 -12 29
2 -11 24
-2 -8 21
-1 -6 18
0 -7 16
1 -11 15
5 -13 15
7 -15 16
6 -17 17
8 -18 18
5 -16 19
0 -13 19
-1 -10 18
-3 -7 18
1 -8 17
1 -10 16
4 -11 16
2 -13 16
5 -15 16
6 -12 17
0 -10 17
-5 -7 18
-4 -8 18
-4 -5 18
-3 -8 19
2 -9 19
1 -10 19
4 -13 20
4 -16 20
-1 -14 21
-4 -11 21
-5 -8 21
-5 -5 21
-4 -2 21
0 -4 20
4 -7 21
6 -10 21
6 -13 21
0 -14 21
-4 -11 22
-4 -8 21
-5 -5 21
-2 -5 21
-4 -6 20
-1 -8 20
1 -12 20
5 -18 20
1 -18 19
-1 -14 18
-5 -12 17
-3 -11 15
1 -11 13
0 -10 11
5 -11 10
9 -12 11
11 -12 14
10 -16 20
8 -20 29
8 -24 39
8 -20 51
8 -14 62
8 -12 72
8 -14 81
8 -14 90
9 -15 99
7 -14 107
5 -12 116
2 -9 126
0 -6 134
1 -9 142
-2 -9 149
-5 -11 154
-7 -11 158
-2 -9 161
1 -7 164
7 -6 165
5 -5 166
7 -3 166
2 -3 166
1 -5 166
-2 -2 166
-1 -4 167
-2 -7 167
-2 -5 168
1 -3 168
4 -5 168
4 -1 168
0 -1 168
0 -1 168
-4 -3 168
-3 -4 169
-1 -6 169
-3 -6 169
0 -11 169
0 -11 169
0 -9 169
1 -5 169
3 -5 169
-1 -6 168
0 -8 168
0 -9 167
-2 -10 167
-4 -13 167
-3 -11 167
1 -9 167
3 -7 166
2 -3 166
2 -5 165
3 -5 165
2 -7 164
-2 -8 164
-5 -10 165
-3 -15 165
-3 -13 165
0 -13 165
2 -12 165
1 -8 164
5 -7 164
0 -9 163
0 -13 163
-3 -14 163
0 -13 163
1 -10 163
0 -7 163
0 -10 162
-2 -12 162
0 -11 161
0 -7 161
0 -11 160
1 -8 160
0 -11 160
0 -8 160
0 -11 160
0 -8 160
